-25.4264 -18.8296 -36.7248 1.5737
33.0035 35.6256 24.2937 1.4845
-29.5193 -29.1098 -16.8020 1.5622
-24.1762 31.8849 144.1378 1.5653
-1.1364 -43.3667 -180.8325 1.5879
-1.3601 6.7255 101.6432 1.4451
-21.8351 -31.4052 41.7431 1.4727
16.7644 -22.5554 131.1442 1.5593
38.0340 -20.9821 411.5138 1.4612
27.6472 8.5412 -60.2682 1.5164
-13.0041 -9.9123 123.8586 1.5011
23.6475 23.5170 -73.4449 1.5314
-33.0980 0.8599 292.9045 1.4786
1.9026 -43.4705 -119.5175 1.5083
-31.6769 21.9063 -67.8555 1.5961
-13.9299 -46.4197 -250.9160 1.5889
29.4155 31.7824 160.9475 1.5328
5.5852 -45.5426 -73.9266 1.5491
-39.5686 28.2184 -95.9734 1.4339
-29.9327 31.4000 114.4238 1.5270
23.3251 -37.1541 70.0122 1.4089
19.6987 1.6269 5.2148 1.4542
40.3031 16.5532 -256.6245 1.4331
30.1501 6.8945 -302.4940 1.5665
-1.6166 -24.4181 4.3603 1.4370
45.2475 -17.6746 149.3632 1.4858
16.3836 28.3503 250.3143 1.4316
37.7555 -26.0711 54.3267 1.4274
33.0230 -35.4817 -259.2866 1.6054
-16.7023 -37.1499 40.4603 1.4493
-15.5813 37.2648 -15.8482 1.5082
43.3939 0.5044 48.2935 1.5734
-24.9198 0.2897 250.6129 1.5281
35.2127 9.6580 41.9821 1.4648
30.7978 -37.4818 402.7302 1.5331
-26.9394 -34.1531 94.5807 1.5105
21.6446 37.3778 -9.9953 1.5043
45.9001 15.4782 315.8830 1.6002
36.1711 17.7765 30.5608 1.4641
-23.1130 28.9935 -120.1628 1.5599
-21.2566 31.3179 176.5379 1.5110
-14.9629 -1.0796 89.1896 1.5596
20.5415 16.2591 -154.4937 1.4857
3.9077 8.3547 -97.7287 1.5839
-42.9508 -3.8601 227.7524 1.4623
-29.1350 -9.0639 167.1126 1.4761
1.8799 42.9749 -60.6087 1.5672
15.3986 16.6206 78.7094 1.5894
-5.0152 30.8929 230.0690 1.4196
9.8257 10.9098 -132.7012 1.5955
-31.6922 36.8722 128.9748 1.5108
15.8013 22.5704 -126.0666 1.4228
45.8902 -1.1763 0.1818 1.4441
12.7294 44.2630 -277.5035 1.5383
37.8683 -12.8487 8.5473 1.5837
27.4767 2.6784 112.0800 1.4754
32.6881 8.3595 353.1821 1.4185
-3.0347 25.2973 -4.1460 1.4096
24.6725 35.5371 -23.9130 1.4972
-0.6244 -35.5337 -143.7581 1.4182
8.5659 -23.9084 407.8292 1.4533
-39.9305 -8.2565 -150.9361 1.5997
-34.8868 -4.0540 -5.6349 1.5861
-9.7138 -20.4422 220.3134 1.5758
32.2742 -32.6341 -65.4901 1.4589
-12.6472 29.6639 5.4153 1.5136
20.2432 13.3765 72.7803 1.4807
28.7206 -24.5732 49.7851 1.5577
30.1175 -14.4001 -53.4790 1.5081
31.2703 -17.1757 18.6003 1.5392
34.9850 25.5477 123.0066 1.5119
8.0411 -21.2358 542.6107 1.4135
4.3499 1.7106 -39.7424 1.4931
-44.5878 11.9567 -149.0457 1.5920
32.7723 2.1946 172.0867 1.5918
-2.2986 38.2417 24.4205 1.5498
-8.9680 -44.9184 63.4945 1.4625
19.7690 4.5314 -190.8574 1.5533
30.8584 18.6283 20.8674 1.5336
10.8526 25.5050 244.3314 1.4764
12.8598 18.2524 44.2777 1.5432
-27.0227 23.6142 85.8513 1.4388
25.6546 16.0548 -39.2979 1.4936
5.0220 -28.6681 55.2876 1.5816
7.8043 18.5189 -223.7288 1.5715
-1.8772 -48.5126 -269.4757 1.4717
8.9277 36.7648 -112.5513 1.4514
-6.3681 -33.7941 27.0405 1.5843
23.7867 26.3976 217.7748 1.4757
-10.6964 -7.9629 197.7980 1.5430
-24.6870 10.6343 216.4356 1.5969
-19.2853 -44.5490 81.0976 1.5233
17.3789 9.1217 273.0698 1.5371
-15.2292 6.5534 -177.6196 1.5774
43.3122 -2.4527 162.7105 1.4935
-14.6627 -23.6332 104.0011 1.5904
17.4680 -39.7212 264.7338 1.4853
-40.0056 -22.0532 65.0869 1.5686
-4.4620 15.2619 -230.9968 1.5425
14.8246 10.7139 -45.4639 1.5878
-17.8317 39.1718 52.5696 1.5021
43.7217 -21.2422 -109.2270 1.4488
23.6652 -34.2684 176.3699 1.5957
-11.3919 11.0728 -35.1379 1.5896
35.1771 3.9772 60.1092 1.4351
30.7224 -30.1949 118.9559 1.5818
-48.5027 -1.1574 -42.6761 1.5338
-15.2330 40.4751 183.8468 1.4920
-1.0155 27.7776 30.0780 1.5295
18.0435 -36.8995 -327.1260 1.4618
23.7595 -26.3868 111.3088 1.5628
-46.1860 -14.9147 253.4478 1.4671
-3.1921 41.0802 -243.9918 1.4950
-40.2025 8.2535 -60.8099 1.4508
37.0697 -4.7670 -268.7631 1.4431
20.8163 -18.1639 297.4560 1.4609
2.1451 19.3834 181.4879 1.5169
35.5185 33.1497 24.8670 1.4889
-17.2437 42.4891 150.1222 1.4395
18.0084 -17.5630 -25.9485 1.5870
28.4311 39.4144 395.7402 1.4263
-12.3490 21.7595 106.1781 1.4308
11.4156 -44.4510 -167.6059 1.5047
14.5790 4.6988 -7.4292 1.5577
15.9098 -27.0822 -3.6748 1.6026
-8.3695 10.6298 286.7757 1.5926
-14.4955 43.4388 -262.1185 1.5425
26.4116 -19.1095 -46.7175 1.4823
9.7699 44.9875 -386.3814 1.5556
-33.3093 -31.8559 -21.7105 1.4793
33.4886 -22.7975 280.0586 1.4644
16.9098 -42.4944 94.3602 1.4521
5.7462 -23.0237 -89.0451 1.5225
-27.0779 40.3686 43.4376 1.4545
-10.2902 -10.9196 192.6741 1.4361
27.1502 -13.9407 43.3565 1.5520
21.4687 -43.6152 150.1526 1.4307
-1.5758 -27.3106 93.0859 1.5643
-4.8075 23.0900 -56.7533 1.4384
-18.2070 7.0272 -116.4918 1.5546
26.8215 -6.1746 119.4864 1.4205
6.8160 21.3833 -86.7472 1.5956
-47.6267 -9.7474 -45.5379 1.4161
35.8619 -1.7790 150.2195 1.5099
24.1965 -13.5250 328.9652 1.4409
-38.4515 17.8560 -18.0375 1.4536
-11.4091 18.9953 -166.2470 1.5652
-12.4428 -12.8830 -56.3137 1.5521
-11.9552 -24.9636 -9.7627 1.5369
7.7529 -34.0909 -5.0954 1.5991
42.9729 6.2474 -198.4633 1.5335
-5.4689 2.3020 130.9419 1.5576
-33.9140 -12.7941 147.8022 1.4243
-2.3105 9.6680 37.3669 1.4326
-32.6436 -2.0104 -200.0492 1.5097
36.1555 28.1686 17.6748 1.4213
-19.0629 17.6256 51.9900 1.4196
12.0772 6.3132 273.2172 1.4465
11.8917 -2.8143 86.6545 1.4979
24.8332 1.3216 -110.2245 1.5696
-6.0449 -45.4410 117.2767 1.5203
9.4036 -31.4551 10.0024 1.5567
-4.4676 -26.1177 -68.7962 1.4160
15.2186 -10.7871 204.4016 1.4372
-40.3557 15.5700 214.5653 1.6056
-28.9152 5.0028 -41.9099 1.4465
35.9614 -15.2564 226.5718 1.5836
12.9062 -12.3649 -301.4278 1.4307
35.5918 -7.2962 48.3161 1.6052
32.7339 -0.8398 94.0612 1.4164
1.6307 -33.6671 -257.4287 1.5797
-7.5316 -10.2972 67.8045 1.4201
15.1031 -32.0845 -94.6712 1.4064
-12.3193 13.9568 -24.8455 1.5902
16.1864 40.2517 -130.1014 1.5244
11.9051 47.0739 188.0174 1.4417
-28.4431 13.9002 221.5744 1.4382
21.8220 -28.6197 -196.2418 1.4840
-3.3509 4.5325 164.4622 1.5882
-6.7913 42.8103 91.9711 1.5696
-35.5325 -19.5709 26.7384 1.4774
5.0054 14.4060 -310.9067 1.5161
4.3693 5.3244 121.5369 1.5215
-23.5951 -11.3630 -86.4648 1.4961
-36.5390 20.0087 161.2768 1.5431
10.7343 22.6786 -7.6617 1.4255
14.5089 1.7449 39.3476 1.5118
-42.4251 6.4005 42.2057 1.5571
37.6725 5.9142 -64.9265 1.4665
-4.5234 -20.1965 66.3688 1.6041
2.7003 -12.7774 43.1821 1.5210
32.8610 -27.9879 -111.9893 1.5811
-38.5410 -11.4637 131.8552 1.5552
-41.4011 25.4050 42.7459 1.5314
-33.7889 27.2714 -65.4432 1.4127
-13.2881 35.3324 -223.1030 1.5552
-25.1810 34.7739 323.2639 1.5723
-21.1665 7.3471 -100.6967 1.5907
15.8382 -19.6712 97.5448 1.5803
-12.3699 -18.9749 -284.0836 1.5718
-4.3289 -23.2671 229.1111 1.6015
-16.4919 1.4395 -52.4153 1.5544
-22.3690 2.3023 -173.5168 1.5863
-3.4704 -34.8810 -101.8539 1.6023
33.7585 -9.6958 113.6688 1.5390
8.2979 31.7535 -315.1487 1.5051
2.5739 -0.5432 144.2211 1.4384
-8.9098 -35.5850 132.1938 1.5716
-19.3881 -41.6124 -317.7839 1.5834
0.8549 -30.8929 255.8084 1.4210
9.7913 -26.4853 154.0086 1.5356
3.3167 16.7205 -60.1933 1.4552
9.3944 1.8882 51.1613 1.5315
6.6101 29.4033 161.2310 1.4514
40.6628 1.8303 155.6178 1.5457
-20.8055 -12.2613 -347.2517 1.4690
13.1123 -35.6285 19.9153 1.4714
23.8533 -42.3276 -92.0557 1.4519
5.0477 11.5493 -172.7845 1.4204
-24.6313 -41.7871 55.5514 1.5322
31.5339 24.1160 206.8881 1.4503
-11.7478 -27.9626 -162.5890 1.5358
-26.0048 -13.1172 -159.8894 1.5078
42.8727 -5.3559 48.3686 1.5999
-15.2025 14.4570 509.8069 1.4616
-17.3740 27.7662 48.1657 1.5148
14.6803 7.6902 -321.8284 1.5495
2.7469 -39.3232 -100.9173 1.4283
-24.7307 41.8056 214.1398 1.4999
22.6894 11.8223 -499.7923 1.5241
-24.1244 23.7336 256.6341 1.5945
22.1227 -8.2649 -281.9562 1.4958
7.5121 12.7696 -114.9223 1.4729
6.0525 48.0830 -173.8993 1.5752
-3.2247 33.1086 -2.2047 1.4925
41.9707 18.6996 -52.3591 1.4063
6.3310 -39.9082 74.3449 1.4746
-10.4769 24.0049 -121.7076 1.5253
-7.2258 -18.8071 -166.9539 1.5723
45.5430 4.7527 282.9702 1.4524
28.9284 28.8483 -91.8655 1.5407
-29.0250 28.7525 31.8579 1.5022
39.3073 -23.6412 62.3933 1.5020
33.5995 19.8781 -113.1642 1.4666
32.6123 5.2589 -58.6743 1.5480
-16.3443 25.0207 136.3127 1.4421
-22.0037 -43.1981 314.7742 1.5300
19.5573 -41.6696 175.5229 1.4138
8.1380 39.4927 197.2959 1.4884
-37.7728 -3.1592 -156.4832 1.5448
10.6884 -16.9590 207.7875 1.5404
45.4809 7.6709 108.2285 1.5331
-13.7811 32.4018 -112.8852 1.4750
35.2767 -20.5807 -269.1164 1.4425
26.1396 21.8261 -303.5879 1.5274
29.4717 -19.5664 -232.3755 1.5310
10.2030 34.0952 -131.5115 1.5518
26.7574 -34.7475 -39.0335 1.4713
21.1139 25.1365 -99.2998 1.5537
-1.7854 -0.9687 -173.6737 1.4461
-43.9997 20.2093 -119.6117 1.5898
-7.8540 31.4487 250.0026 1.5426
-11.0755 47.1848 -201.0228 1.5362
33.0429 -14.8070 -175.6112 1.4571
5.1825 -5.2572 161.2620 1.5121
-18.8915 -7.6100 -33.7591 1.4231
-11.5182 -34.1411 174.2570 1.4577
-44.8473 8.9055 175.2083 1.5811
-17.0817 -25.3384 177.0772 1.5428
17.4650 -9.1185 -122.8232 1.4244
-26.8120 8.4373 -78.6949 1.4279
-23.2417 -14.2367 -62.9943 1.4779
-4.8381 -14.3028 49.5789 1.5210
24.5985 -4.5141 -189.1231 1.5243
-25.0599 26.6984 1.5932 1.5389
-34.1339 -15.5536 63.2487 1.4634
-45.2460 17.3963 -301.6562 1.5608
19.4974 -7.1868 -167.2388 1.4633
-42.4569 -16.7243 43.6403 1.4715
-19.3376 -38.7188 -178.4938 1.4436
19.0013 29.7004 302.4333 1.6025
1.5209 35.0351 59.6717 1.4063
42.2820 -23.7763 -250.1682 1.5711
34.6942 -25.6535 -82.9642 1.4719
-12.9686 38.4154 238.5430 1.4433
-1.5534 14.7234 -10.9451 1.4929
-9.2158 -2.2362 -141.5343 1.5973
-19.1244 33.4628 25.0688 1.5894
8.2621 24.0346 -3.5993 1.5586
-8.8200 34.3863 70.0128 1.5454
-14.2597 -35.7332 -301.4680 1.4298
-20.3134 -18.0170 -8.7631 1.5428
23.5314 39.5647 -109.9496 1.4824
27.8661 -8.8133 -300.5049 1.5605
-23.9249 -8.4013 363.5838 1.5942
0.2363 1.1731 -209.7510 1.5889
-37.3507 7.3866 18.1409 1.5780
-7.7226 40.0465 -132.8938 1.4463
10.9167 28.4083 158.6200 1.5643
-1.8223 -21.5511 -205.5460 1.5152
-9.2419 -29.4274 -245.7764 1.4651
-26.3798 -10.1972 111.8866 1.5866
10.4743 -47.3253 -341.5792 1.5875
-45.4313 5.9531 -91.3934 1.5804
-45.2169 -17.5696 -42.6597 1.5052
-36.1911 -32.2939 -152.9534 1.5209
-8.3646 2.7118 85.0169 1.4382
-42.3445 17.7562 -32.6529 1.4604
7.0765 9.4977 -13.4651 1.5785
-10.2134 0.5470 -239.3955 1.5041
17.0031 -5.8061 227.0825 1.4983
20.9180 -13.0559 -24.8007 1.5754
0.5464 37.7125 221.6341 1.5048
12.7442 -26.7422 -670.0323 1.4638
34.0830 -17.5400 -196.7778 1.4417
-9.7645 29.1729 24.2070 1.5425
15.5817 43.3193 80.1002 1.5511
-2.6405 1.6723 496.2900 1.4334
18.3553 42.1867 -144.8656 1.5262
-27.8110 -20.5483 -86.3492 1.5041
44.8438 18.3275 -392.7712 1.5732
-30.3011 -0.1754 -59.1978 1.5505
22.9447 14.6933 -19.8874 1.4413
16.6710 34.2326 182.4559 1.4500
-41.0131 0.9059 121.7117 1.5053
7.7205 -6.6386 -371.0565 1.4299
-24.2820 -27.2344 -240.7104 1.4333
37.9364 26.0603 -246.7015 1.4777
-34.2579 -34.4761 -315.6347 1.4706
-38.4513 25.4934 -114.2098 1.5920
-7.9897 -47.7787 15.9665 1.5873
39.6539 -18.5843 -88.1902 1.5300
12.4317 -38.8512 56.8394 1.5730
-17.7249 -16.3519 137.3346 1.5692
-40.0891 22.8388 -105.9401 1.5048
-20.4342 -15.0916 -213.6886 1.4726
17.0345 0.2229 11.9028 1.4845
-33.1121 -21.2297 137.9192 1.5374
30.6328 15.6875 327.8358 1.5274
21.3887 28.0142 63.0024 1.4574
10.0828 -5.0496 144.0167 1.4359
-24.8283 -2.5343 -295.1335 1.4201
-21.8837 -37.3350 -459.1023 1.4272
0.6599 -19.9999 150.7222 1.5351
-17.0272 12.1632 222.6219 1.4783
36.1546 12.3764 61.7154 1.4633
42.3415 23.7773 -32.4373 1.4719
-6.2372 45.6746 21.3304 1.4238
16.5645 37.1842 -106.5163 1.4911
-19.7077 -24.0061 -32.8559 1.5925
-0.0977 -8.3021 45.2896 1.5223
-21.7278 10.2576 301.5999 1.4587
-21.9545 18.0967 270.9674 1.5374
-39.7598 -27.7875 34.9858 1.5580
-2.3107 -40.6140 18.7373 1.5031
18.6448 26.7153 278.5354 1.4371
-33.7812 34.7567 267.1098 1.5822
-0.7935 19.8402 -140.2968 1.5307
-24.3993 -32.7920 187.8597 1.5092
-15.0491 -17.6600 -137.5796 1.4472
-22.2051 43.1155 -233.8277 1.5171
-15.7490 -8.8924 -113.3595 1.4909
-4.2102 -28.9301 -78.9266 1.5716
-1.8924 22.5841 23.1885 1.4845
-31.9725 29.3549 235.7350 1.4545
22.9677 -10.9727 -87.6428 1.4708
-16.7133 -31.3081 141.2741 1.5515
-19.4766 1.3075 62.5797 1.5333
-16.4451 -5.9832 134.4866 1.6026
8.1386 -18.4739 -96.2104 1.4733
23.4582 20.5150 -212.5879 1.5851
36.3442 20.6085 -98.6937 1.4328
17.8510 -32.5962 -284.8301 1.4878
-31.1307 -26.6898 117.8766 1.4067
-34.4282 6.7401 -51.2634 1.5623
14.0230 -29.4186 -26.7235 1.5605
-37.3332 22.8045 135.7595 1.4644
22.2128 0.0147 -56.5059 1.4286
-7.0667 -21.9108 -116.3137 1.5787
-9.9003 -42.0136 -68.1261 1.5498
28.4675 20.2033 -148.8352 1.4154
-32.8009 24.6456 -262.9423 1.4954
-5.7555 -39.8729 71.1562 1.6029
29.9818 1.0883 194.7307 1.5472
-5.8139 25.7355 -96.1710 1.4478
0.0763 -14.0450 136.6050 1.5004
6.8246 3.4910 19.4446 1.5787
26.9801 33.6849 -31.4330 1.4244
3.8812 21.6593 55.3803 1.4255
-37.4089 -6.0927 -64.1588 1.4822
-35.4202 -1.1010 -191.1432 1.4660
-38.1339 10.2394 -26.7986 1.5370
28.5690 -32.3754 -76.0809 1.5674
-6.0239 33.6613 45.2911 1.4320
-47.0425 -12.3304 587.1844 1.4159
-47.3591 10.9379 -109.7465 1.4163
1.0688 -48.6039 -47.1077 1.4972
5.2108 -11.1839 -106.8624 1.5618
37.9167 3.0516 -250.4371 1.5440
9.6777 7.8738 54.2055 1.4941
-2.4452 -12.6809 -208.2153 1.4294
24.6493 -1.6211 -15.2389 1.5235
-36.0873 12.3689 181.6819 1.5213
-17.2355 4.2592 224.2745 1.5116
41.1069 13.7915 10.3873 1.5246
43.0557 -15.7848 -107.5532 1.4780
-11.6899 -39.8681 -138.0374 1.4665
47.6069 -9.2061 86.6782 1.5834
0.4491 8.9160 -95.9352 1.5009
-20.2666 28.3002 122.2377 1.4396
-28.7889 -11.9863 -24.3507 1.5276
3.0732 -18.4237 192.9877 1.5108
-27.1588 -37.0863 -25.2547 1.5294
4.7457 -37.3135 -129.8266 1.5249
-10.6904 36.6214 -84.7698 1.4523
5.0615 26.9199 -185.5893 1.5716
3.1540 48.5041 -102.1513 1.4196
20.8997 -25.7416 152.5546 1.4254
7.8624 -12.6480 -188.6006 1.5904
39.5357 23.7416 124.5149 1.4395
18.8601 -20.4024 -276.5931 1.5020
5.4371 31.9285 -3.3114 1.4507
12.6775 15.2700 -296.2433 1.5710
11.0855 -29.0734 -154.4139 1.4638
-5.1606 -8.6192 -66.6088 1.4771
-28.3637 -26.0602 234.6940 1.5813
27.7838 -29.5824 -81.3213 1.4745
38.2408 14.5468 82.4671 1.5686
7.6327 -37.1744 76.9157 1.5374
-29.8681 -3.0133 21.6949 1.4129
2.0575 -28.3689 -168.2709 1.4571
-14.3063 3.6124 -33.0914 1.5613
-43.2858 -13.9744 -169.4127 1.5308
-21.8374 -34.3537 82.1349 1.5728
0.5561 -40.9986 275.3450 1.4672
20.1866 -38.9376 176.1468 1.4498
-35.2978 9.5524 -32.2713 1.4452
30.2780 9.8916 -67.5093 1.5281
-30.7909 -16.6466 9.2014 1.4276
15.9278 -34.8176 85.4881 1.5405
-22.5405 39.8870 55.9033 1.5621
-36.9082 -26.9183 94.8227 1.5495
-20.4331 37.9634 -22.9653 1.4457
-7.5134 15.7473 -437.3801 1.4859
10.4200 19.8841 123.2328 1.4687
-42.6689 -6.8016 -15.7406 1.4924
14.7469 -40.7171 389.5200 1.4518
48.4254 3.3039 -436.1219 1.4828
18.4424 -14.6810 -138.9632 1.5122
-30.5922 11.1606 -9.5810 1.4366
-32.5601 16.8331 253.6197 1.5167
-1.7058 45.7470 156.8610 1.4085
-17.2941 -22.2825 93.5531 1.4817
47.5932 9.6683 -308.2272 1.4820
-27.7411 18.8344 -61.8119 1.4667
-24.5935 -38.7928 -214.9248 1.5531
2.1607 3.5004 -62.2780 1.4577
21.6772 31.2641 -192.7044 1.5355
-45.8464 -2.5210 -0.4396 1.5161
45.2538 -7.2180 -123.4225 1.5895
-32.0157 -4.9405 198.1538 1.5428
32.3362 26.8986 250.9119 1.5676
-12.4388 -15.9349 -10.3862 1.5452
-17.2136 19.8933 97.9597 1.4680
-19.4859 -1.7016 -121.6162 1.5348
15.0892 -7.8540 271.0572 1.4068
41.0398 -13.6620 91.0917 1.5122
6.6589 -26.1194 281.1812 1.5744
-48.0077 -6.9734 -202.3821 1.5293
34.2743 -4.2885 186.0189 1.5342
-12.1172 -1.7064 277.0142 1.5093
8.0671 -15.5969 323.9731 1.4858
-27.3447 -23.3489 26.0603 1.4780
18.1484 17.9555 75.1952 1.5494
37.1874 -31.0659 -237.3489 1.5660
0.4063 16.9227 324.5332 1.5412
-39.6247 -16.8077 -69.8225 1.4362
22.0449 -2.7642 25.3628 1.4122
18.3218 20.8875 -65.7139 1.4183
26.7687 -26.8454 70.1733 1.5428
-5.4323 10.2069 -16.3338 1.4431
-11.5256 26.8132 184.8017 1.5294
39.8750 -5.3182 97.5524 1.5457
23.4864 42.4835 348.2411 1.5192
0.4977 -2.3931 -214.2065 1.4058
35.4776 15.0964 271.4557 1.4068
-17.9705 14.9304 194.1250 1.4667
20.0489 10.4885 -59.8818 1.4579
27.3483 -0.3018 8.7060 1.5367
-16.1342 34.2055 107.5440 1.5771
3.7934 29.5889 -81.3315 1.4418
-9.3538 -26.2776 357.3258 1.4739
-33.9682 -26.7650 -215.2131 1.5391
31.7127 29.8290 -74.8846 1.5814
5.0901 -8.1841 -166.5042 1.5363
-31.5490 6.0683 44.1351 1.4683
-40.6137 -2.0729 -140.4373 1.5826
-43.3825 15.1656 -291.9850 1.4429
-5.3644 48.3055 82.4289 1.4370
-7.4028 -15.8821 -146.2266 1.5063
-6.6245 -30.7019 -194.3521 1.5714
30.2207 34.5724 21.6623 1.5407
18.9304 38.8849 -105.1210 1.5865
-4.9775 -11.4442 -57.9986 1.4438
10.3595 -11.0472 75.8019 1.4845
48.4099 -2.7324 -62.1872 1.5468
44.6167 10.4813 126.7040 1.5794
18.9648 -27.8516 -138.1195 1.5151
20.7215 -33.2736 -195.5782 1.5534
15.2273 -37.7539 -161.1827 1.5921
-46.0723 3.1640 129.4066 1.4522
-16.7665 45.4363 -278.5440 1.5909
-23.8378 15.6954 56.4164 1.5159
-4.1462 -43.0022 327.5312 1.5923
-45.9714 0.3715 188.6533 1.5045
-6.1841 -36.8517 -23.0108 1.5161
-30.6861 34.1780 -402.8614 1.5934
-38.2278 -0.1649 47.5992 1.5655
-2.7198 -6.8938 -133.9771 1.5684
44.8210 -10.1949 -265.7549 1.5245
-38.7434 2.8184 -357.4460 1.5371
-3.0702 -3.6722 -31.4064 1.6047
-4.2594 7.4839 -129.5678 1.5928
40.7002 21.2068 -7.7260 1.4705
26.5838 30.7980 215.4148 1.5805
-26.7962 -7.2081 -124.5481 1.5234
-27.2544 -4.2556 -231.3444 1.5332
-11.6460 -37.0141 186.2677 1.5575
-27.2048 32.5239 65.3795 1.5607
-29.5866 16.4599 -24.4469 1.5646
4.5912 -48.3752 -164.1578 1.4582
34.8498 -12.4714 -217.3120 1.5265
-33.5922 19.5600 -115.5891 1.4997
-23.1026 5.1067 -231.1898 1.4390
-41.4365 -19.4261 -130.4890 1.5647
27.4195 -3.3626 -121.0782 1.5786
15.6897 19.6464 174.1459 1.5802
17.6159 12.0954 144.9765 1.5385
-30.0794 -22.4529 -158.3039 1.4881
13.8904 38.4190 185.7555 1.5280
16.9931 -2.6398 -306.6131 1.5250
12.7278 -9.4385 55.7618 1.5347
18.4267 23.7894 -11.6811 1.5133
22.3359 5.8977 229.6874 1.4353
11.9832 3.2957 193.4399 1.5214
2.7192 24.3610 30.3551 1.4122
-29.9081 -38.1804 57.0360 1.5458
-32.4375 8.9449 28.9970 1.5092
-17.5326 -19.3201 102.2598 1.5721
20.7507 19.2385 15.3495 1.5086
24.2716 32.6269 46.8641 1.4281
-9.7050 42.1423 270.2183 1.5036
-26.1777 5.7478 322.4954 1.5077
-41.5315 3.6677 62.3855 1.4153
-22.1413 26.0719 -276.5922 1.5685
-41.4875 -10.8888 -131.7111 1.4825
19.1635 35.7972 -457.9251 1.5331
5.4284 40.3141 -141.8759 1.4960
-34.7117 30.0276 -351.0219 1.4344
28.0345 14.4224 6.6593 1.4882
-25.0243 -21.7161 -145.6438 1.4550
20.0776 -10.2172 139.8659 1.4870
-35.8777 32.7705 120.8806 1.4091
-29.8381 24.2080 -107.3925 1.5491
13.3826 41.3213 -364.2775 1.5204
-11.9079 -44.1971 83.2996 1.5682
-36.7369 -16.9463 -127.4870 1.5222
-8.9740 44.9394 31.2159 1.4950
-3.9232 -31.9193 -45.4928 1.5011
-9.2092 5.5398 -160.3706 1.6046
12.2437 9.2584 -15.5597 1.4174
7.3059 34.4430 217.4209 1.4205
-44.4197 -11.2549 -204.3312 1.5338
-34.5973 22.3234 -22.9051 1.5251
39.3434 -10.3287 72.7995 1.4501
-13.3235 8.8641 -195.2551 1.4496
8.5169 -45.0469 300.8382 1.5317
-16.8496 -28.3104 12.7951 1.5903
14.5008 -4.1789 115.1018 1.5532
31.3643 -4.0365 59.2834 1.4982
-32.4024 -29.2116 -220.8985 1.4933
-36.6473 -13.9044 -170.7054 1.5757
13.7490 29.6603 -52.9808 1.5961
-6.4289 12.9946 221.4374 1.5954
1.8606 14.0787 -47.4775 1.5854
38.2294 0.0729 -78.1854 1.5590
-16.1125 9.4170 82.1689 1.4723
-10.2664 8.3130 5.9145 1.5130
25.9410 18.9143 56.0139 1.4494
-48.2883 4.9488 5.9025 1.5011
-21.5677 -6.4991 -19.6740 1.5956
34.0357 22.7430 59.3439 1.4989
18.7825 -44.6710 -73.9151 1.5825
26.1209 -37.6624 -123.4354 1.5991
-14.2662 11.6828 -60.1278 1.4424
2.3874 11.0635 19.4420 1.4972
3.6145 -31.3856 -215.0462 1.5617
2.5117 40.0093 -58.3730 1.5589
11.5413 -23.9236 -145.8640 1.5866
-23.0679 -17.0710 40.7624 1.4571
15.9781 25.4966 57.0183 1.5579
-17.9708 -13.3349 160.0228 1.5983
6.5727 -42.8119 72.8788 1.4720
1.0253 22.1428 -49.2121 1.4861
-19.3778 -29.8732 198.7847 1.5178
-36.9732 -8.9540 247.5892 1.5165
-8.4586 18.5114 -228.3211 1.5300
9.4960 -39.4181 60.0098 1.4438
1.9558 -36.6007 202.4524 1.5012
26.1981 -40.8172 -110.7195 1.4776
-40.4744 19.9318 -27.9731 1.5364
-37.1691 15.1883 -183.9955 1.5889
-26.7078 16.1191 122.6520 1.4478
-2.5780 17.5166 23.0300 1.5269
26.4527 24.8107 49.3390 1.5787
-22.1217 -0.5553 63.5438 1.4276
46.9797 -12.1620 121.9924 1.4803
23.6035 -18.6661 76.0854 1.4454
25.1588 10.2082 65.5819 1.5349
-3.1190 -45.8565 -9.2674 1.5242
-27.3242 -31.2682 -200.3906 1.5409
-6.8794 -27.6751 -168.6554 1.5249
34.2113 -30.5790 -199.1561 1.4174
-23.0859 20.8956 42.2237 1.5178
-25.7649 -15.9383 -212.9410 1.5183
36.6035 -10.1037 321.3112 1.4541
19.8097 -30.5610 118.3094 1.4094
-22.4064 -22.7767 -130.2592 1.4744
29.8584 -1.7328 38.5447 1.4074
25.9485 -11.1671 -383.6004 1.5904
42.0666 -10.9383 -18.0378 1.5259
-29.6825 -35.1281 -106.6591 1.5598
-26.1614 29.5383 -314.6301 1.5831
-30.3033 -32.1252 -113.5042 1.5923
-2.2377 -15.6811 -70.3369 1.4402
-26.7037 -28.4693 142.5260 1.4952
39.0393 -28.7463 -17.8578 1.5032
-24.4265 -5.3651 21.9558 1.5647
-19.8595 41.2969 -181.9383 1.5334
-45.4485 -5.4390 117.3457 1.5988
32.9848 13.9979 594.4125 1.4367
32.8609 11.1879 -19.6041 1.4642
-33.6523 3.8322 134.4447 1.5821
28.5889 -39.2774 -119.2271 1.4788
19.5188 -4.2082 -113.9656 1.5855
-3.3687 -37.8884 108.2785 1.5551
9.5112 4.9269 115.3517 1.5008
26.3079 27.7468 34.2720 1.4602
25.2477 -16.2841 113.7754 1.5949
-10.3868 39.3833 6.2334 1.4301
1.9718 27.2389 121.7373 1.5788
7.6269 -3.5780 144.3697 1.5303
27.5356 -21.8111 78.6485 1.5493
48.4345 0.3211 -162.7577 1.5905
-21.0715 -9.4095 -124.5005 1.4424
-12.4687 41.3266 408.3184 1.4621
-42.2266 10.1336 9.6330 1.4390
11.6520 36.5491 -161.4868 1.4462
17.1616 3.1191 -20.1213 1.5308
-24.2731 -29.9734 -125.3705 1.4409
-21.8673 -28.5300 -225.7111 1.4310
6.8562 45.2033 -305.3827 1.4511
-13.9817 -41.8124 89.0116 1.5950
2.9787 -15.5778 -97.7390 1.4084
10.2332 16.8889 262.2178 1.4378
14.9342 46.2238 130.6000 1.4296
23.1659 17.5301 92.6164 1.4980
38.9983 11.6298 -87.6535 1.5353
-20.8700 15.3023 -213.9060 1.5887
16.9262 -29.9047 -279.3721 1.4258
4.0518 45.8200 212.2573 1.5285
22.8108 -39.8178 -175.8253 1.4197
-7.4934 -13.0391 -14.8323 1.4844
29.6961 -27.3935 -91.1612 1.5049
-23.0912 36.9665 151.6238 1.4929
40.8514 26.2691 196.0322 1.4643
35.0443 6.8436 -222.8195 1.4544
43.6282 21.1286 -85.6458 1.5881
44.0552 -13.0527 102.0028 1.5188
-38.3883 -24.4591 126.2435 1.4438
13.3964 26.8231 50.0550 1.4126
-0.2222 -46.1275 105.1932 1.4920
40.3837 4.8402 -399.8998 1.5684
22.3272 2.9775 159.8185 1.5563
46.2144 -14.9687 119.0287 1.4769
41.3262 -8.0270 -60.4642 1.6052
0.7885 29.9573 135.5744 1.4127
11.1639 31.2978 -82.5005 1.5103
-32.2388 -36.4114 -228.4139 1.4458
-1.3311 35.3742 46.0627 1.5380
2.4545 -6.7186 -109.4112 1.5456
-18.2450 36.2768 94.5689 1.4711
46.8190 12.5489 -25.6622 1.5835
-8.8846 -38.6646 95.4445 1.5350
10.4443 -36.7552 -60.2097 1.4739
-13.0277 1.0036 175.4644 1.4157
-40.2526 -13.9437 163.7078 1.5590
13.1343 21.1999 45.3062 1.5663
-15.3219 -11.7962 -77.3681 1.5454
2.7216 -46.2270 -57.3785 1.5420
15.5370 -13.8185 289.6922 1.5865
-24.7271 -24.5178 -150.1086 1.4682
-27.3087 -40.0713 -36.2502 1.5561
4.8461 43.0997 34.2143 1.4652
-31.4259 13.9975 172.7529 1.5675
10.1964 -7.9758 -56.4912 1.4434
-19.8691 12.4951 212.2314 1.5238
-0.0532 -11.2101 168.5429 1.4163
40.9223 -1.0271 74.6209 1.4259
-16.9531 -3.0734 -211.6744 1.4371
0.3559 48.6043 59.2278 1.4544
5.3045 -14.1301 -27.3605 1.4329
-19.2136 -4.7056 -200.9544 1.5234
41.7894 11.0014 188.1775 1.4172
30.6675 37.5199 318.3676 1.5835
-27.7085 11.1447 121.8372 1.5947
-0.5345 3.9898 -352.7965 1.4168
-29.2752 38.5133 156.0054 1.5907
17.9560 45.0910 105.6412 1.4994
-48.3882 -4.0800 -135.4818 1.4570
-13.4052 24.5149 -28.8746 1.5230
30.1769 -34.7104 30.0483 1.4394
-14.3722 19.4376 140.7881 1.5225
34.5427 30.4416 213.0681 1.5009
4.4396 34.6643 131.4418 1.5687
-0.4177 11.9334 24.2235 1.5908
-43.3509 -0.8970 -105.0908 1.5109
-15.1667 -14.7433 255.1034 1.5221
-34.1889 -9.9742 -70.6405 1.5515
25.0275 4.2313 353.2687 1.4507
-28.0822 35.6276 151.6662 1.4585
22.5018 8.8623 -165.3646 1.5323
-11.3161 -5.0058 15.8528 1.5133
-16.7413 -42.9365 3.4284 1.4089
-46.2392 14.5106 225.9146 1.5919
22.7846 -23.5971 65.3138 1.4751
5.4110 24.0143 -61.8902 1.4468
-18.2304 22.7322 -208.6701 1.5101
-29.6161 8.2409 14.9407 1.4858
28.8544 23.0154 -99.6718 1.4671
-13.9130 46.4272 75.6615 1.5416
-32.4685 -24.1439 32.5464 1.5346
-13.5189 -6.9642 -224.8251 1.4943
28.2595 17.3152 181.6069 1.4594
-30.8163 2.7821 -286.0008 1.5463
13.0585 -18.6493 152.3356 1.4722
-2.5503 -9.8433 -355.9331 1.4485
14.2707 -43.6593 12.2954 1.5575
-1.0822 43.1152 -161.4602 1.4572
-20.1899 4.4408 -76.0192 1.5423
-28.7579 21.4562 92.5869 1.4089
-3.9190 43.9346 137.9437 1.5746
-5.5028 -5.6972 255.0106 1.5761
-14.3731 -26.6542 -118.8299 1.5258
19.9699 -23.0718 120.0697 1.4699
-18.4029 30.5346 263.3114 1.5392
-14.2285 -38.6087 -51.5178 1.5110
19.1386 32.7611 0.2837 1.5752
-38.9640 12.9452 32.6051 1.4557
-16.6964 -34.2654 -117.7028 1.4569
-34.2896 14.5973 -49.4775 1.4203
9.3845 -42.2651 166.9778 1.5085
-4.3440 36.0167 106.9067 1.5836
-35.4715 -24.2045 177.7675 1.5279
-22.0106 -40.1971 -293.1547 1.5118
37.4531 30.7914 -253.2736 1.5699
13.7785 32.7299 391.6288 1.5974
0.4834 -16.9661 -151.4665 1.5530
10.5959 42.2159 325.6401 1.4744
13.3833 -46.6588 -40.3341 1.4776
-9.5312 -23.4262 24.9854 1.4144
-38.0947 -30.1635 44.7873 1.4104
39.3096 28.5974 383.2288 1.4066
-0.4092 -38.3327 76.1148 1.5031
8.9839 47.7398 -170.6519 1.4642
-27.4769 -1.2920 205.7798 1.5473
5.0270 -2.0607 26.7106 1.5696
-5.1709 38.8968 294.0965 1.5071
-12.2063 -21.9856 33.3780 1.4991
22.0067 -5.5525 -51.7259 1.4213
-42.8702 22.8903 -238.9809 1.4438
-38.4404 -19.4045 -207.4770 1.5023
6.0757 37.3006 180.4478 1.5903
-43.6212 1.9596 246.6643 1.4143
-31.0170 26.7848 19.7605 1.4225
-14.2108 -29.6081 188.8793 1.4546
17.2135 6.1232 116.3774 1.5479
20.9147 22.1623 443.3698 1.5279
-1.6771 -30.1371 13.9077 1.4242
21.8524 34.3488 -318.4679 1.5979
-3.7781 20.3439 384.9622 1.5791
-6.3364 -2.8789 26.9899 1.4388
-8.3948 -5.0089 -251.6845 1.5008
-30.6324 19.1738 147.4976 1.5571
-22.1195 34.1752 242.5550 1.5611
12.9670 -15.2069 -136.2541 1.4070
13.5956 -21.6554 183.6987 1.5213
-19.2418 -32.8391 -50.4940 1.5529
-45.1226 -8.4028 223.2348 1.5544
-9.1118 -32.4708 93.1255 1.5901
3.1798 -21.5000 233.8720 1.4249
32.4403 -19.9752 -190.2341 1.5631
-37.6758 30.4924 -160.0218 1.5949
31.1982 21.4050 275.6320 1.4259
24.6471 -21.3847 244.8952 1.4606
-18.9350 9.7979 -226.4925 1.4535
2.4997 -9.7651 303.9254 1.5676
-32.7438 32.0353 69.9992 1.4246
-4.5824 -0.5898 75.4815 1.5550
10.0283 14.0362 210.6187 1.4611
25.9064 38.1402 -316.0063 1.4403
-20.0907 20.3962 98.7315 1.5932
30.8142 -9.2016 -399.1259 1.5578
-35.5861 25.0573 84.3921 1.4250
-27.8730 1.7872 -171.5513 1.6018
-11.2569 3.2881 214.3034 1.5747
15.1639 13.6699 -18.4790 1.4739
-7.0916 -42.6328 126.0808 1.5441
10.5161 -13.9704 36.9606 1.4969
-10.3834 16.2268 146.0264 1.4925
-7.5708 37.1343 -126.0838 1.5364
-0.3532 40.4308 23.5967 1.4704
-1.9906 -18.5629 139.6903 1.5257
-8.6218 26.2236 -20.3049 1.4316
38.7818 -2.6843 -16.1046 1.4219
25.6477 -32.0486 -155.8933 1.4812
-9.8382 -17.4501 -63.7000 1.4330
-19.2378 25.5149 -59.3015 1.5376
12.1409 -41.6994 -38.6205 1.4285
24.8279 -29.1924 434.2231 1.5818
-42.9049 -22.6432 -110.9375 1.5221
-25.9646 21.0873 180.9020 1.4478
-16.7711 -40.0762 -40.9015 1.5393
40.9073 8.2937 -75.6497 1.5114
18.0927 -25.1230 171.9185 1.4681
2.5313 32.2729 212.6456 1.5943
35.1753 -33.3254 -105.0649 1.5593
-36.4889 4.6182 -288.5240 1.4300
38.4145 -7.7696 237.3627 1.4133
24.9589 -8.3355 -83.1608 1.5086
-41.7529 12.8872 -314.9598 1.4855
17.7798 -11.9073 11.2080 1.4479
-34.6985 -7.0636 -126.7679 1.4961
-37.1048 -21.8980 265.2066 1.4376
-48.5224 1.7758 120.3368 1.4673
-13.3291 16.7345 -244.4072 1.4924
-7.7963 -7.6422 -199.2402 1.4067
1.1092 45.8422 -81.0199 1.5356
-44.2417 -20.1814 198.4782 1.4309
6.4965 -31.3181 29.5757 1.4980
-29.4454 -6.2141 -139.2322 1.4225
-24.8834 18.4438 375.4258 1.5617
23.9258 29.3759 91.8633 1.5628
-31.1963 -13.7983 52.1054 1.5426
31.7239 -25.1545 55.6778 1.5877
-24.4629 -35.8039 -140.6876 1.5791
-16.6992 -45.6507 22.1887 1.4182
0.7571 -22.8717 -90.1967 1.4151
35.9405 -28.3101 249.3982 1.5110
1.6116 6.3093 203.3877 1.4410
-47.7788 7.9583 -7.3081 1.5912
4.9740 19.0419 227.4512 1.4275
11.9359 0.3320 -259.6730 1.4832
16.4128 31.2780 -260.8631 1.5249
21.0171 40.9555 -58.1944 1.5333
38.8050 19.0130 -115.7454 1.5457
25.3486 13.1740 -230.1933 1.5135
-6.2640 5.1528 266.8920 1.4869
-40.2066 -5.1119 -217.4546 1.5701
25.6835 -24.1116 -202.5048 1.5212
-31.8681 -7.9630 -190.3469 1.5899
-1.2197 -32.8398 -305.3035 1.4500
33.3230 16.9396 90.4154 1.5635
30.6386 -22.3094 -142.0855 1.4805
10.7620 -34.0052 -93.9515 1.4820
-39.5772 5.5364 -298.6469 1.4251
-30.5681 -19.5382 -13.3901 1.5672
30.4476 12.7928 -11.3517 1.4831
9.4107 -1.1907 -317.1758 1.5551
-41.3420 -25.2159 -259.4846 1.5925
-14.1219 -3.9864 -47.5102 1.5755
38.9633 -15.7323 145.1401 1.5719
28.9818 -11.5959 20.9389 1.5485
10.8207 -20.5442 -241.2079 1.5327
20.6928 43.9104 -170.0996 1.5088
7.6688 42.3762 268.3024 1.5305
-18.3157 -10.3804 201.5270 1.5061
29.2783 25.8949 181.6585 1.5214
31.9154 -12.0503 228.5912 1.5400
-35.3513 17.3813 -38.6780 1.4115
42.5274 -18.6624 72.8519 1.5568
22.2777 -15.7076 40.5841 1.5256
-28.4463 -14.8347 -268.4261 1.4334
45.9360 1.9102 -152.3153 1.4344
-16.2530 17.1781 -40.2879 1.4448
37.9844 8.8039 117.3682 1.5611
32.5917 -6.7855 16.4898 1.5745
-35.9153 1.7925 -274.1009 1.5527
36.8277 23.3235 -460.3405 1.4424
21.7868 -20.8646 -174.9120 1.5390
12.3793 12.3771 -123.2022 1.4682
-9.9589 -14.4722 66.5451 1.4267
-25.9649 37.7191 283.7778 1.5833
16.1189 -45.8511 133.3420 1.4261
-15.5295 30.0834 -209.1659 1.5016
12.3558 -31.7412 61.7319 1.4597
-6.6608 20.8628 143.2136 1.4456
14.4670 -24.4443 109.3815 1.4632
27.8130 11.5153 113.6365 1.5371
-10.8399 32.1232 165.2187 1.5950
22.8480 -31.3450 -265.0132 1.4500
-21.1634 23.2086 -64.3841 1.5070
12.6089 -6.4490 -95.9141 1.5613
28.2774 -16.7850 74.3965 1.5929
-33.1195 -18.1646 236.1977 1.4340
-28.1776 -17.6635 159.5998 1.4645
-5.5642 17.9876 25.6773 1.5178
40.7106 -26.3185 150.4607 1.5345
-8.1968 47.8023 -173.7553 1.5803
-22.7402 -19.9404 146.6860 1.4522
7.0407 6.5205 17.9983 1.5404
-3.9318 28.0286 35.3287 1.5315
-3.4362 12.3950 -75.7967 1.5721
-12.2413 6.1211 440.7116 1.5682
-19.2546 -35.8486 131.1183 1.5603
-6.9221 -24.7959 32.3763 1.4113
-14.8612 -20.6306 -324.6247 1.5237
-22.7800 12.9645 -82.4428 1.5291
-10.9955 -47.1842 349.1373 1.5584
-0.1807 -5.2119 179.1476 1.5605
-22.0571 -25.6505 -149.4623 1.4625
43.0675 3.4045 -285.7479 1.4210
45.7518 -4.1554 7.2785 1.5816
26.0731 40.9652 137.0293 1.4402
-25.6556 13.4293 -7.0542 1.4414
19.5762 -1.2095 -122.4565 1.4776
14.2253 35.5721 -140.1431 1.4942
-24.0711 7.7515 -32.0890 1.4814
6.8593 0.3102 -121.4322 1.5351
4.0810 -41.6868 190.1568 1.4258
27.9330 36.3198 -253.8029 1.4708
-22.0230 -3.4373 -16.2777 1.5795
-7.2624 7.8726 -204.0852 1.5271
43.0137 16.0175 -10.9615 1.4265
32.5924 32.7205 38.2318 1.5668
48.0916 -6.1422 66.2167 1.5556
5.5887 -16.9842 95.0843 1.4854
-9.4891 21.2664 -95.9536 1.4790
40.8800 -21.1864 22.2264 1.4845
-27.8532 26.2420 319.9359 1.4601
5.5554 -19.9303 -166.2289 1.5255
43.9031 13.2847 -216.1316 1.4193
-6.8300 28.5630 283.2170 1.5859
20.7493 -36.1601 -286.5087 1.4921
-15.3145 22.2598 113.9331 1.5819
0.9883 -25.6892 -155.0981 1.5406
-36.5331 27.7701 -30.4389 1.4977
-9.3900 13.4566 41.8367 1.4999
35.5271 1.1525 -135.1922 1.4641
27.5429 5.5796 -105.1016 1.4505
-19.5170 -26.9800 -12.8101 1.4548
-4.6787 -17.1985 -302.8267 1.5210
-25.1685 3.1429 -276.3388 1.4658
3.8241 -25.2131 10.8360 1.4308
-14.4638 27.2876 -234.3980 1.5555
14.3963 -1.1949 3.3330 1.5016
36.3561 -23.3115 -171.9980 1.5028
-31.4419 -10.9073 -1.7548 1.4441
48.0850 6.2738 246.9260 1.5774
-7.3956 0.0648 -53.4102 1.4323
7.6654 15.6065 -131.5304 1.4643
-2.2410 30.4200 46.9191 1.4425
3.2611 37.2736 -87.2484 1.4062
-0.1136 24.9481 51.0422 1.5858
-33.3093 11.7290 39.0487 1.4634
19.8816 7.5383 1.4299 1.5673
-4.9404 -48.2435 -8.1290 1.5357
8.2213 27.0002 -9.4972 1.5431
30.0076 3.9706 74.5497 1.4407
-7.5913 23.5598 357.9371 1.4146
-14.0838 -32.7630 -175.0373 1.5976
-20.0103 -21.0065 112.6854 1.5606
-11.7437 44.3276 -114.9138 1.4282
4.6395 -34.2700 89.6181 1.5779
-0.3949 32.5564 43.3210 1.4471
24.9875 7.1511 91.2928 1.6045
-35.3073 -29.4475 65.0883 1.5128
29.6312 -6.3726 -18.9682 1.5392
36.8255 -18.1408 63.8278 1.4988
7.7865 -9.5695 245.7267 1.5713
11.0624 39.3496 124.0394 1.5841
7.4870 -47.8841 -74.4042 1.5480
8.0328 -28.8099 -35.7851 1.4867
15.1894 -16.7913 587.8755 1.4443
-2.5293 48.4202 -146.6685 1.5732
2.7406 -3.8553 -132.8515 1.4366
-19.5397 44.3446 75.7297 1.5403
17.9118 15.0230 -50.3900 1.4704
13.3761 24.0774 208.0873 1.4751
-11.6817 -30.9459 188.7898 1.5121
