-17.4423 -24.8999 -32.4179 1.5737
36.8559 13.0399 26.3080 1.4845
39.8845 8.7913 -24.1729 1.5622
-29.4956 -35.2215 150.7072 1.5653
-16.6098 -39.6448 -179.6201 1.5879
-32.0375 36.5438 107.4229 1.4451
12.3911 -38.5521 46.3249 1.4727
-17.5528 9.8924 136.7466 1.5593
22.8115 -0.4401 399.7672 1.4612
16.6206 7.7983 -71.3608 1.5164
18.5932 -42.1649 127.7082 1.5011
36.3104 -28.2045 -68.6990 1.5314
4.3790 18.2290 287.7371 1.4786
33.1937 -17.1944 -114.6174 1.5083
15.7377 -42.9484 -63.6617 1.5961
41.1759 -0.3281 -246.8893 1.5889
17.9995 -45.0334 160.6498 1.5328
32.5688 -13.1722 -75.7771 1.5491
7.3962 29.1779 -98.4407 1.4339
4.1642 -28.2828 114.5054 1.5270
20.1978 0.7547 77.3304 1.4089
5.2696 -23.2790 1.7851 1.4542
35.9835 -0.6326 -255.2389 1.4331
26.2461 -7.4122 -301.2505 1.5665
-33.8261 -22.4018 -5.0421 1.4370
22.1573 5.2814 150.0203 1.4858
37.9141 3.9634 255.4095 1.4316
3.3190 15.5264 50.2775 1.4274
25.6878 -28.1404 -248.2081 1.6054
13.3634 38.4645 35.5853 1.4493
-2.4905 -10.4741 -11.8586 1.5082
17.8191 -0.9933 51.1063 1.5734
-9.8848 3.7802 248.5959 1.5281
-29.3342 -20.1102 38.0207 1.4648
-7.2867 45.2359 400.7186 1.5331
-42.3679 17.6842 94.1334 1.5105
25.6781 -1.6717 -12.2251 1.5043
-0.7128 -4.4020 298.8841 1.6002
-36.3405 9.8194 23.3592 1.4641
-28.1861 -23.2830 -119.6363 1.5599
3.1939 -14.4912 174.5996 1.5110
11.4454 10.3263 88.6159 1.5596
-34.1354 -34.5426 -149.0674 1.4857
-38.7715 8.2728 -105.4870 1.5839
11.5909 36.3269 238.5997 1.4623
-8.8730 -15.0203 167.7613 1.4761
-2.2503 24.9240 -62.9138 1.5672
31.2293 -4.1127 80.6531 1.5894
-24.4798 -35.9201 228.6550 1.4196
35.6953 -22.7239 -113.5111 1.5955
-9.4339 29.3055 120.4610 1.5108
13.0276 -44.0609 -133.0321 1.4228
-22.2152 -40.2782 5.8350 1.4441
-26.7292 1.5307 -276.1969 1.5383
0.8732 33.1378 -0.8562 1.5837
16.7639 -15.0726 114.9164 1.4754
-38.2966 -3.4033 353.4688 1.4185
10.9492 -6.2478 -4.5264 1.4096
-43.7581 -14.3264 -18.7769 1.4972
-36.6115 -7.3466 -144.2221 1.4182
-20.8959 10.7260 395.1171 1.4533
38.1017 26.3904 -151.9037 1.5997
8.6286 -8.0698 -3.3518 1.5861
-20.4757 18.6225 217.8556 1.5758
1.0005 -35.4457 -60.1177 1.4589
48.5073 2.3334 5.4614 1.5136
-39.7201 0.1392 71.4459 1.4807
3.1914 12.6339 45.4353 1.5577
-18.1554 -33.1151 -52.1237 1.5081
28.9845 -8.7395 18.4435 1.5392
12.5062 33.1968 130.1990 1.5119
-45.1920 9.2641 552.1483 1.4135
-12.1349 47.0313 -39.2482 1.4931
-45.8848 -2.8730 -153.4005 1.5920
-38.2700 -19.9881 169.9058 1.5918
36.3679 -3.5336 27.3237 1.5498
25.8672 -20.5408 71.6904 1.4625
-21.2746 21.6351 -192.4152 1.5533
-25.4008 38.2868 13.6021 1.5336
22.5017 2.3971 241.4793 1.4764
-13.2380 -21.7598 45.1289 1.5432
32.7564 -22.2584 86.6392 1.4388
42.2263 10.5417 -32.8671 1.4936
28.3973 -2.8433 53.4961 1.5816
-10.2754 44.8269 -217.9457 1.5715
-13.4960 30.4040 -248.6025 1.4717
13.2781 -41.2771 -116.8811 1.4514
-23.2207 -15.4838 27.9234 1.5843
20.2929 -18.7851 206.8914 1.4757
20.6155 -29.6214 188.0110 1.5430
14.4640 -36.3511 215.6846 1.5969
-5.2365 -0.2871 76.9511 1.5233
-34.1246 -1.8215 271.3695 1.5371
4.6767 -38.9075 -179.0873 1.5774
-8.6782 -38.5631 166.7533 1.4935
23.4864 15.8600 99.5046 1.5904
16.8976 4.8808 269.0670 1.4853
27.0337 33.8013 71.9460 1.5686
-10.5775 11.6202 -238.2979 1.5425
-37.2036 -27.2456 -45.1863 1.5878
17.9105 39.8698 56.0921 1.5021
37.3170 -20.2813 -108.2695 1.4488
-0.7568 -29.6837 174.4205 1.5957
4.4560 -20.2860 -27.5362 1.5896
-26.5537 -20.3603 52.2060 1.4351
39.1428 18.0896 119.1674 1.5818
27.7741 39.7371 -45.6004 1.5338
-37.8007 13.9299 187.0441 1.4920
28.4525 16.4312 22.5227 1.5295
22.7515 42.9253 -324.9932 1.4618
-37.9473 -14.7777 113.7701 1.5628
43.9287 -20.6289 253.5472 1.4671
-2.1421 14.1440 -237.1619 1.4950
2.8868 -8.5509 -54.7740 1.4508
-18.4447 -0.8075 -278.6350 1.4431
3.9899 -17.2987 297.7634 1.4609
-14.8447 17.5596 178.5516 1.5169
31.4261 -29.7098 32.6099 1.4889
41.8747 -11.5682 143.7015 1.4395
45.8257 -2.0283 -25.0745 1.5870
13.2673 20.9667 395.3137 1.4263
32.1088 33.2717 112.3886 1.4308
-15.7288 -11.5468 -170.0226 1.5047
29.3113 10.5132 -5.6654 1.5577
-18.5999 -27.7533 -10.8384 1.6026
-4.6569 -8.3689 288.9411 1.5926
23.1386 18.8728 -263.2500 1.5425
-20.3498 26.6090 -53.6585 1.4823
13.2909 -11.3354 -387.7022 1.5556
-37.9686 -9.8681 -30.6753 1.4793
45.2104 -7.8643 276.7133 1.4644
-29.4211 12.9859 99.1547 1.4521
-6.8334 -45.5147 -97.3764 1.5225
1.2886 -16.7636 57.9384 1.4545
25.2154 -35.7354 182.6011 1.4361
6.2517 -26.0810 42.4193 1.5520
25.9817 -4.5451 148.0381 1.4307
-4.6639 -34.0441 96.2148 1.5643
-16.9858 3.9172 -65.0078 1.4384
42.1527 17.8836 -116.9779 1.5546
8.1323 -42.6786 114.3834 1.4205
32.8166 3.5835 -95.2733 1.5956
10.9859 -14.1212 -41.4804 1.4161
27.3743 36.7744 149.5115 1.5099
-33.5302 -12.2882 327.7870 1.4409
-8.1582 -12.2349 -5.1320 1.4536
12.4103 30.2369 -164.0787 1.5652
-45.0010 -8.8327 -54.0893 1.5521
-5.5239 -48.1656 -6.5884 1.5369
41.0062 20.6725 0.7105 1.5991
-31.9627 21.3337 -210.8252 1.5335
9.9524 -0.4346 119.8148 1.5576
-10.8761 -12.9885 155.9391 1.4243
6.5914 -36.7335 33.8689 1.4326
-24.6169 3.5958 -196.2672 1.5097
-32.8418 16.5073 20.6162 1.4213
-44.7981 -11.6612 50.5560 1.4196
39.5579 -7.1033 280.0070 1.4465
4.9729 -1.3226 88.2538 1.4979
4.7876 -46.0231 -113.6513 1.5696
39.2076 15.0485 119.2216 1.5203
-44.2665 11.9811 14.3224 1.5567
-2.5546 0.6292 -76.6918 1.4160
-32.1143 -36.4837 210.9837 1.4372
27.7587 28.0313 225.6475 1.6056
-5.7000 -31.2476 -47.6226 1.4465
35.8798 28.6673 228.0898 1.5836
-17.8866 36.5597 -297.5475 1.4307
9.5303 -37.6562 50.8286 1.6052
-4.3759 45.4995 100.1843 1.4164
25.2816 1.2262 -264.6630 1.5797
-39.3111 -7.4870 62.9235 1.4201
19.4059 -34.5878 -91.0533 1.4064
25.1713 26.2242 -15.1518 1.5902
-17.1899 -42.5805 -132.6200 1.5244
20.5232 20.0725 185.7010 1.4417
-29.1419 -15.0715 219.5260 1.4382
-8.9735 6.6392 -192.2526 1.4840
11.5146 44.2516 168.1270 1.5882
3.9121 33.8922 86.7194 1.5696
9.2811 5.3863 26.0612 1.4774
-13.5812 -3.2281 -312.3290 1.5161
-42.9820 22.6583 126.5266 1.5215
-21.1283 -0.0188 -90.0968 1.4961
2.4521 -2.9568 170.7882 1.5431
-0.4092 -40.5967 4.9756 1.4255
-22.2001 -22.8678 33.5909 1.5118
-39.6352 -17.2511 32.1768 1.5571
-15.4927 -34.3949 -76.1320 1.4665
-32.3173 -19.8920 56.5237 1.6041
-20.4596 -10.2244 40.6867 1.5210
-35.0060 14.6994 -117.1560 1.5811
34.8255 8.0667 139.3952 1.5552
-5.9008 -23.2566 40.2345 1.5314
27.2730 5.8713 -59.5591 1.4127
-34.2877 11.7981 -214.2810 1.5552
8.7205 11.6288 319.7508 1.5723
30.9070 -37.3132 -103.2934 1.5907
19.0388 9.5207 96.2860 1.5803
5.0069 40.4430 -286.0410 1.5718
21.8408 37.0594 219.2616 1.6015
-14.4570 5.1365 -50.7551 1.5544
17.4369 -17.9883 -167.5678 1.5863
40.0494 -4.1821 -111.8633 1.6023
24.1410 -12.0635 121.4101 1.5390
-1.2031 -45.6689 -319.6519 1.5051
-26.1715 -31.1368 143.1294 1.4384
-19.5081 -38.6782 122.0828 1.5716
-5.1767 37.3485 -330.4168 1.5834
-26.6156 12.2252 254.9188 1.4210
18.5751 -31.7805 150.6530 1.5356
-21.2531 29.4015 -59.4771 1.4552
-3.8756 -36.9851 48.9432 1.5315
2.6630 23.5303 165.2427 1.4514
-14.4188 8.1516 166.2394 1.5457
-7.4500 1.6366 -345.4602 1.4690
-24.5259 14.3474 24.5371 1.4714
-2.3675 38.1493 -89.1278 1.4519
8.2467 23.4724 -172.7567 1.4204
-19.5105 15.7053 56.5086 1.5322
-34.0884 34.5812 198.3509 1.4503
-3.1016 -13.3530 -161.3342 1.5358
-25.0584 25.0586 -153.5036 1.5078
-30.8916 -6.8260 55.7864 1.5999
25.7050 -41.2591 509.3619 1.4616
18.7198 12.4853 48.9455 1.5148
-9.1369 -43.7827 -327.1341 1.5495
-40.2047 22.8987 -95.0243 1.4283
-7.0925 15.2764 217.6642 1.4999
-33.9473 19.1251 -503.1789 1.5241
-40.2760 15.5572 249.2061 1.5945
-48.2992 4.8891 -283.0927 1.4958
-30.0778 31.1014 -118.2574 1.4729
33.7279 17.1539 -171.4925 1.5752
-22.1528 -37.4406 -1.4398 1.4925
-21.0081 -20.3493 -46.6742 1.4063
-1.3061 6.2730 80.7894 1.4746
-33.6375 8.8944 -119.1340 1.5253
2.0417 20.6934 -167.4582 1.5723
29.9349 -14.2933 282.7878 1.4524
30.4119 1.7732 -87.8932 1.5407
7.6741 -2.3051 28.4552 1.5022
-47.2041 11.2951 58.0833 1.5020
9.4446 -47.6299 -109.3791 1.4666
-25.2758 6.4663 -63.9639 1.5480
3.1667 38.2522 140.9509 1.4421
-45.5910 -16.6077 310.1049 1.5300
16.3746 10.7566 172.7718 1.4138
-42.0574 -11.9744 201.7444 1.4884
45.9760 -15.4314 -158.9648 1.5448
14.4850 43.4797 199.8008 1.5404
34.0920 14.1406 115.2871 1.5331
-0.3773 30.4598 -114.8306 1.4750
-6.5236 -6.0840 -274.0669 1.4425
6.7460 3.5926 -296.9795 1.5274
42.8902 -2.8406 -233.4437 1.5310
1.9425 40.8485 -122.3470 1.5518
-42.6692 -16.9895 -47.7945 1.4713
-25.3729 17.1888 -102.4459 1.5537
-15.5337 20.3302 -170.8777 1.4461
-12.0129 16.6817 -126.0383 1.5898
-23.3491 19.3870 247.7358 1.5426
-1.9729 3.4473 -201.2532 1.5362
6.0849 -15.3872 -178.9253 1.4571
22.3936 -16.7939 149.9737 1.5121
-28.9394 35.8554 -43.0366 1.4231
15.6916 19.5937 173.3586 1.4577
-21.6374 -27.9471 182.4733 1.5811
27.7080 3.0335 181.0082 1.5428
2.4685 -0.1103 -121.2913 1.4244
21.0537 -21.7943 -78.0290 1.4279
21.7240 -13.8511 -65.9201 1.4779
33.9872 -5.2965 52.3616 1.5210
-44.2335 19.9374 -190.9240 1.5243
9.5240 41.9429 -1.9525 1.5389
-15.4370 -19.3107 68.6798 1.4634
14.1931 6.0748 -299.4529 1.5608
34.4807 -19.9822 -163.3687 1.4633
-14.9061 -8.7753 35.9549 1.4715
-40.1989 -27.2398 -171.0143 1.4436
47.9563 -6.6550 303.5338 1.6025
32.3639 6.4484 62.6185 1.4063
-3.7691 -29.0425 -247.6657 1.5711
-35.1299 -9.7681 -80.9573 1.4719
8.2727 -13.5322 237.7846 1.4433
18.1785 -3.9876 -9.1123 1.4929
-35.2560 3.9295 -138.8687 1.5973
-48.2783 -4.7392 21.5686 1.5894
-29.5816 2.4184 6.1125 1.5586
24.8910 4.1878 70.8565 1.5454
30.3279 23.7006 -295.1240 1.4298
43.3976 -13.9982 -7.2741 1.5428
-21.1129 -32.8642 -107.1679 1.4824
-30.5551 -12.2233 -301.4206 1.5605
-9.5614 -18.1558 360.2424 1.5942
-46.3357 14.1948 -214.7827 1.5889
1.7308 -46.0053 20.2156 1.5780
-6.3695 18.3630 -136.5192 1.4463
-15.4306 28.2539 166.4614 1.5643
9.8516 -29.6361 -203.3459 1.5152
-28.9461 -31.9533 -243.2823 1.4651
-5.7228 21.2534 109.5422 1.5866
4.2041 7.7923 -347.0224 1.5875
26.8870 8.7266 -97.2152 1.5804
-3.6375 -5.2943 -42.6650 1.5052
-30.8658 8.1604 -153.3622 1.5209
-30.7064 -17.4496 91.1762 1.4382
-1.3307 -18.4618 -34.2650 1.4604
20.1694 -37.4409 -18.7685 1.5785
-17.5287 -17.1154 -238.9313 1.5041
-37.5031 22.4062 235.4773 1.4983
42.2835 -17.9687 -25.8472 1.5754
-12.0817 -8.0614 224.7089 1.5048
-24.5986 -12.8494 -668.7786 1.4638
-14.6983 41.6869 -198.9041 1.4417
17.7358 -28.8871 23.7325 1.5425
10.3707 -21.8692 81.0240 1.5511
23.8146 -22.4819 495.9207 1.4334
0.5070 -43.2763 -160.1235 1.5262
27.2710 -33.6927 -82.7611 1.5041
-0.5818 -21.8546 -399.1738 1.5732
-22.0097 -7.7986 -56.3752 1.5505
-10.4716 -20.9668 -20.7777 1.4413
30.4103 21.0051 190.0787 1.4500
30.1472 -34.4322 120.5833 1.5053
-18.5187 28.8204 -373.6180 1.4299
30.2458 -17.0594 -236.7262 1.4333
2.1638 -30.4375 -236.3090 1.4777
-16.6472 15.3067 -302.9078 1.4706
33.2533 23.5509 -117.4455 1.5920
23.2482 -3.3866 15.2844 1.5873
40.7518 -15.3626 -85.4303 1.5300
13.9653 -25.3045 58.1814 1.5730
-31.9344 0.3265 131.8041 1.5692
23.8530 12.9332 -106.1579 1.5048
26.5092 -10.3135 -230.7294 1.4726
18.9407 -23.9394 18.9822 1.4845
-29.5617 -26.4632 141.5492 1.5374
-8.6300 -30.5956 325.9831 1.5274
-14.0977 -6.0410 73.6928 1.4574
-22.2071 24.4201 135.8681 1.4359
-32.0613 29.0836 -308.6434 1.4201
46.1542 0.7930 -456.8986 1.4272
-1.0225 35.5637 149.3424 1.5351
37.8416 -15.2562 225.1441 1.4783
15.9473 16.7465 65.4911 1.4633
29.1848 -11.6135 -26.4919 1.4719
3.2391 -48.4924 14.3592 1.4238
-48.5100 1.7651 -110.9495 1.4911
42.3232 -8.6442 -25.8035 1.5925
25.2429 -17.7640 37.3503 1.5223
30.6130 -26.9275 297.6317 1.4587
-27.3887 15.0320 271.3690 1.5374
8.4314 17.6619 32.4861 1.5580
48.3587 -3.6529 15.0752 1.5031
-23.2618 -10.3961 289.4262 1.4371
19.4704 44.4336 252.7494 1.5822
-6.6060 34.6474 -140.9680 1.5307
-6.0888 29.4821 187.6165 1.5092
21.0936 -8.1277 -140.9892 1.4472
-27.9585 25.7281 -234.4760 1.5171
12.2427 1.3918 -116.3499 1.4909
-0.7046 9.1587 -68.0777 1.5716
13.6286 -7.3508 23.8706 1.4845
-8.8279 -23.1884 232.5900 1.4545
-19.3918 31.6365 -76.0106 1.4708
-23.4814 -25.5564 141.7460 1.5515
31.5782 -19.6193 63.3237 1.5333
-19.6339 4.9469 130.5665 1.6026
2.1456 48.4948 -97.4095 1.4733
-43.1563 4.5781 -206.8698 1.5851
15.2004 -39.2220 -109.1605 1.4328
-13.4570 14.0035 -284.5402 1.4878
38.0840 20.8651 114.8080 1.4067
-36.6786 27.4833 -50.2210 1.5623
2.7594 -11.5118 -33.5201 1.5605
-16.8280 -6.6501 138.9407 1.4644
28.1037 19.3609 -59.8465 1.4286
19.3684 6.4464 -105.5805 1.5787
9.7270 34.1117 -69.5801 1.5498
27.8340 -26.0846 -148.4803 1.4154
9.6335 -18.9996 -258.5586 1.4954
-26.1100 -9.7550 71.1803 1.6029
-20.4337 -25.2370 198.9144 1.5472
-3.7555 34.7911 -83.2936 1.4478
6.0582 15.9395 132.5702 1.5004
3.9200 4.7009 22.7963 1.5787
-35.3093 -20.0134 -34.1786 1.4244
-33.8402 26.9227 40.8898 1.4255
-26.1984 20.0305 -71.6683 1.4822
-40.5039 -5.0698 -192.8507 1.4660
-14.5885 -16.5488 -17.8849 1.5370
-24.0575 -33.1625 -71.7863 1.5674
15.0970 0.2153 52.5517 1.4320
13.4286 17.9615 583.1013 1.4159
25.1659 23.2922 -112.8932 1.4163
33.1698 0.5640 -50.5688 1.4972
-17.5756 42.2421 -111.6043 1.5618
-26.2845 -15.2130 -255.1178 1.5440
34.9728 -14.8789 57.2577 1.4941
5.5040 -4.1111 -203.3640 1.4294
-35.1618 -29.3906 -23.5453 1.5235
5.4026 -41.8206 177.7336 1.5213
-5.6420 10.3989 233.0835 1.5116
-11.5507 -29.9576 9.8686 1.5246
-29.8649 -38.2453 -117.7962 1.4780
-18.8484 12.7686 -125.5948 1.4665
-16.5804 23.1584 81.1657 1.5834
24.9490 29.2236 -99.3826 1.5009
6.7116 -48.1413 119.1483 1.4396
-15.5326 38.8543 -23.0283 1.5276
25.8156 -38.4549 194.5381 1.5108
39.3242 -12.7613 -24.5151 1.5294
6.0247 10.1921 -128.9729 1.5249
14.0406 9.0162 -82.6446 1.4523
-24.2077 22.2490 -184.1397 1.5716
11.9003 4.2197 -109.5761 1.4196
-30.2154 -29.4327 149.4735 1.4254
7.6369 26.3117 -188.7861 1.5904
29.5394 32.2840 128.9187 1.4395
-41.7428 -24.7420 -274.2188 1.5020
-29.9100 38.3360 4.2911 1.4507
-26.5107 -25.8226 -294.4209 1.5710
-19.0004 1.9861 -150.0035 1.4638
-1.3456 45.8317 -63.1216 1.4771
-25.1849 -23.0022 234.4356 1.5813
11.0930 16.3877 -87.0853 1.4745
-8.4921 9.5159 91.4041 1.5686
20.5054 -2.1973 78.2199 1.5374
17.1917 42.6334 15.6311 1.4129
20.8036 17.1388 -170.4002 1.4571
13.2762 -22.4620 -26.9408 1.5613
-17.2316 -36.6939 -157.0591 1.5308
47.4992 -9.7098 82.8244 1.5728
-1.3089 27.7593 267.2472 1.4672
-0.6359 48.5798 182.8553 1.4498
17.1676 34.9451 -22.3664 1.4452
18.4326 -6.9752 -68.5881 1.5281
-48.5557 -1.5588 15.7700 1.4276
-20.2381 34.4868 90.3512 1.5405
-0.9834 -37.7586 54.6236 1.5621
-28.0632 7.3035 94.5041 1.5495
28.0058 0.1063 -21.7151 1.4457
29.3511 -31.6810 -442.2201 1.4859
22.3930 30.5337 115.7379 1.4687
20.0752 26.0086 -31.4651 1.4924
3.8290 -36.0629 384.7149 1.4518
-23.9033 0.7833 -428.4990 1.4828
-32.4061 3.2662 -134.9516 1.5122
26.8287 -13.1172 -7.7855 1.4366
-24.7218 -38.7657 254.3987 1.5167
11.0940 -24.7136 162.0099 1.4085
13.1676 -4.5081 92.8337 1.4817
-7.6971 -41.2589 -305.2052 1.4820
-37.5405 1.9739 -59.6682 1.4667
-28.6956 10.2013 -215.6699 1.5531
-15.8130 -1.5137 -59.7090 1.4577
10.7459 47.2644 -192.2719 1.5355
-30.2479 5.3043 -4.6736 1.5161
39.2775 -28.4059 -129.9122 1.5895
-12.6833 19.6755 196.4828 1.5428
2.4043 -22.5472 242.8220 1.5676
-16.5894 -14.3550 -2.4933 1.5452
26.2125 14.6343 100.8411 1.4680
0.6569 25.5656 -120.3161 1.5348
15.3813 25.8214 275.7312 1.4068
40.8862 -20.6449 92.2205 1.5122
42.4960 -23.2060 291.4691 1.5744
42.6655 7.6713 -195.0224 1.5293
10.9196 19.3413 194.9601 1.5342
18.9120 -13.0510 268.7778 1.5093
21.0870 14.1930 327.9132 1.4858
-24.8407 -7.0389 25.8215 1.4780
11.6170 -35.4174 69.7194 1.5494
-12.7701 -27.1749 -230.7168 1.5660
-19.9693 7.9885 321.1989 1.5412
30.0601 4.7041 -65.8019 1.4362
44.8896 9.5083 23.4543 1.4122
19.9859 34.7505 -68.1676 1.4183
11.3425 13.3264 73.2220 1.5428
19.9985 29.0226 -17.4337 1.4431
22.3535 -35.3164 188.7094 1.5294
37.0098 23.6155 94.3725 1.5457
36.1507 -17.6149 345.2811 1.5192
24.7391 32.0413 -214.6481 1.4058
-2.8146 -31.8267 267.0649 1.4068
-27.0524 22.9101 198.9952 1.4667
-41.4114 25.4228 -48.1100 1.4579
-40.5731 5.9820 8.7489 1.5367
12.5163 -19.6063 112.4421 1.5771
17.6422 27.4299 -83.0938 1.4418
-5.5533 42.9213 353.3793 1.4739
-3.1793 -39.9215 -221.8378 1.5391
-8.3105 23.6524 -70.6425 1.5814
31.6553 -10.0549 -174.7396 1.5363
-26.8585 -33.9666 49.6494 1.4683
-28.9923 -0.5609 -132.9244 1.5826
-34.8560 29.7482 -293.1203 1.4429
22.8495 21.7286 81.5352 1.4370
1.4631 -19.6469 -147.9822 1.5063
-9.9150 14.5001 -200.9575 1.5714
12.7083 -30.2871 27.4263 1.5407
-7.9057 31.8827 -108.6532 1.5865
-11.4847 8.8285 -58.9605 1.4438
-14.4579 -43.5421 79.7677 1.4845
-17.4786 26.0763 -63.6041 1.5468
45.7986 3.6120 136.0827 1.5794
31.4963 -7.1140 -133.7239 1.5151
-11.2912 37.1081 -194.0870 1.5534
-27.8027 -6.6635 -160.1507 1.5921
-19.2986 -22.5622 127.5155 1.4522
39.1863 -17.9659 -276.0053 1.5909
-25.0882 32.6973 52.3592 1.5159
-2.4751 -42.8955 334.0039 1.5923
-22.8171 39.5851 187.2384 1.5045
-38.7863 11.2505 -27.3458 1.5161
30.5150 29.5496 -408.0739 1.5934
-32.8667 24.1883 46.3296 1.5655
34.3607 -30.4571 -132.8546 1.5684
38.7657 29.2942 -262.7450 1.5245
7.1586 0.6616 -344.8747 1.5371
22.6391 -27.4356 -34.0005 1.6047
33.7103 30.8679 -129.4081 1.5928
-6.8607 -17.0293 -3.2263 1.4705
1.4710 17.7394 212.3483 1.5805
-8.4455 42.4594 -120.8013 1.5234
28.7615 -5.8075 -232.9997 1.5332
28.5612 -39.2812 183.9931 1.5575
-11.6582 -15.8956 66.8937 1.5607
-10.6654 -41.1570 -23.3703 1.5646
-37.0597 16.7483 -156.8342 1.4582
19.8998 31.9431 -232.9043 1.5265
11.8590 -27.4366 -111.2491 1.4997
-12.9701 -10.8388 -226.9953 1.4390
-5.2501 24.2808 -126.1481 1.5647
-40.4519 2.9811 -122.2954 1.5786
-45.6868 6.3046 168.7355 1.5802
0.2912 -9.7358 141.3838 1.5385
-43.1555 -4.0940 -160.5643 1.4881
-6.7599 -36.3284 189.0164 1.5280
-32.6457 -27.8572 -306.5271 1.5250
-23.1959 -2.0354 63.4345 1.5347
29.6415 7.5257 -10.4314 1.5133
4.6658 28.7068 230.4891 1.4353
30.3821 26.5005 193.2812 1.5214
32.6172 -24.9975 34.6796 1.4122
21.4716 11.2473 66.4418 1.5458
7.8420 -31.7910 32.3715 1.5092
-22.6934 -4.9283 108.7615 1.5721
-4.9766 13.3019 15.2529 1.5086
-3.5624 8.3913 53.9362 1.4281
42.6243 23.2300 266.2082 1.5036
-36.9589 -0.8973 328.0007 1.5077
-0.7675 19.8516 49.0637 1.4153
33.0237 27.7892 -277.3816 1.5685
-23.1225 27.2420 -128.8359 1.4825
-17.3240 33.7819 -469.9674 1.5331
-32.6629 -30.8134 -137.1923 1.4960
10.5712 39.0042 -356.3614 1.4344
-13.9086 -46.5061 5.3534 1.4882
18.0271 -39.4551 -150.4350 1.4550
-40.9191 -14.6312 136.2271 1.4870
37.5417 6.9985 123.2851 1.4091
11.6807 -16.7950 -99.3352 1.5491
46.4234 14.2841 -360.4655 1.5204
-0.0296 -12.8001 87.6098 1.5682
-19.5131 -44.4228 -126.8363 1.5222
7.5383 -39.8649 39.1819 1.4950
-36.6279 -17.4646 -41.2779 1.5011
24.7697 -25.2284 -156.9531 1.6046
4.4641 1.8151 -20.5201 1.4174
-22.8105 42.9111 216.8310 1.4205
-20.3371 -2.9696 -202.0768 1.5338
-17.4398 45.2551 -18.5025 1.5251
42.5463 -5.7151 66.0855 1.4501
33.2222 -35.4072 -200.3732 1.4496
-12.7341 2.6798 291.8180 1.5317
-36.0362 -32.3142 7.0764 1.5903
-32.0613 -14.8704 109.7080 1.5532
-1.1985 -15.5378 52.5985 1.4982
19.5931 -15.9166 -227.2933 1.4933
-41.3341 12.7096 -169.0033 1.5757
-20.6982 37.4899 -44.2526 1.5961
-8.0645 -1.2973 225.1064 1.5954
5.4960 24.1076 -52.1453 1.5854
-9.2614 -7.0328 -82.2346 1.5590
-6.9352 26.6984 74.7608 1.4723
2.9620 -33.2570 2.6717 1.5130
29.2184 -21.2300 57.5979 1.4494
30.1492 38.0171 4.3639 1.5011
-4.6836 -26.0932 -10.9809 1.5956
-3.8802 40.5903 58.9427 1.4989
6.7612 -18.2460 -80.8506 1.5825
-16.2898 -22.1282 -128.2868 1.5991
0.6141 14.9453 -55.8756 1.4424
32.3803 -32.6182 18.6096 1.4972
10.1085 28.1950 -209.9731 1.5617
-29.0033 20.7244 -56.8231 1.5589
-2.5330 -48.3839 -147.2278 1.5866
-4.7461 2.5671 44.1009 1.4571
-14.4331 -37.4871 59.0239 1.5579
34.5014 11.1497 161.5253 1.5983
39.3889 11.7201 77.5006 1.4720
15.4939 -2.7593 -55.7161 1.4861
43.4503 1.6785 200.3155 1.5178
22.6598 39.9754 244.8254 1.5165
22.6332 24.6056 -233.2407 1.5300
16.1107 13.7031 56.3455 1.4438
24.4620 7.0811 196.6025 1.5012
-10.8448 -2.2264 -106.5981 1.4776
0.3978 43.4297 -20.2401 1.5364
-23.7642 11.4765 -189.5654 1.5889
-42.7319 -6.9094 121.6292 1.4478
-27.1289 30.5899 21.8982 1.5269
-15.0302 35.8685 44.4242 1.5787
-12.4501 34.4868 51.8906 1.4276
-3.1972 30.0213 119.7609 1.4803
45.1167 17.9796 78.6086 1.4454
-16.0032 12.5053 65.3901 1.5349
45.4042 6.5975 -4.6504 1.5242
-21.6240 13.5997 -207.5794 1.5409
5.6731 45.5263 -165.6725 1.5249
-40.8765 -2.3411 -193.8444 1.4174
-0.9980 40.7994 39.9379 1.5178
-42.9821 7.5946 -213.4626 1.5183
-13.2019 44.1476 327.4894 1.4541
-25.5584 -4.3361 116.5459 1.4094
-46.5754 -13.7961 -124.3249 1.4744
19.9300 3.5466 49.4221 1.4074
8.6548 -34.6863 -387.8793 1.5904
41.6706 13.4150 -14.0486 1.5259
23.0553 -19.7138 -107.8184 1.5598
-26.1287 -1.4772 -316.2455 1.5831
-6.7715 39.9605 -112.8551 1.5923
36.5173 -12.4933 -73.5517 1.4402
5.8599 -6.9852 141.3862 1.4952
46.8575 -12.6257 -18.3515 1.5032
-45.8745 3.1843 17.7880 1.5647
23.1464 -42.5781 -172.9026 1.5334
0.3384 -24.8549 118.1356 1.5988
7.8765 47.9394 593.3042 1.4367
-38.5520 25.1345 -20.1601 1.4642
6.0276 31.6894 137.1971 1.5821
8.3736 -24.0608 -114.2477 1.4788
10.4003 -40.8279 -114.0675 1.5855
-25.2191 41.3610 113.0487 1.5551
5.0076 -31.1084 114.2294 1.5008
-4.9574 -19.0563 34.5450 1.4602
16.5199 -34.0219 111.1583 1.5949
10.3755 -11.5390 7.0169 1.4301
-9.8262 39.7497 128.1495 1.5788
-22.4877 16.4451 145.6822 1.5303
-46.0129 0.1512 79.2402 1.5493
-3.5714 48.2977 -166.1413 1.5905
-15.7162 -27.1841 -128.4541 1.4424
36.4159 15.8784 404.2109 1.4621
16.0618 37.7090 15.1906 1.4390
6.0987 13.0825 -161.7756 1.4462
-6.9878 4.5150 -24.4227 1.5308
18.0172 21.1837 -127.8007 1.4409
27.2136 30.8918 -225.4914 1.4310
17.3499 -36.7909 -301.5852 1.4511
5.1112 21.0791 86.9583 1.5950
-9.6594 26.4901 -102.4620 1.4084
25.0860 38.4757 258.3507 1.4378
-14.8396 46.3143 131.2001 1.4296
-32.9562 -4.5383 95.8310 1.4980
21.7905 8.2482 -80.7250 1.5353
14.8244 -28.1564 -213.1530 1.5887
7.7501 -10.8268 -293.2660 1.4258
-41.4444 -19.6227 210.9226 1.5285
16.0936 -12.3369 -181.6258 1.4197
-10.8245 21.9656 -20.4909 1.4844
10.2654 -44.6203 -91.4065 1.5049
18.4691 15.4134 155.4951 1.4929
27.8621 25.0649 192.9516 1.4643
15.6037 22.4777 -226.5869 1.4544
-9.5823 34.4977 -70.4592 1.5881
-21.0125 -17.5318 102.3312 1.5188
44.3886 12.3474 126.7975 1.4438
-36.0417 32.6140 51.9505 1.4126
14.5598 -17.3573 105.9075 1.4920
12.2793 -46.8830 -401.9191 1.5684
24.3867 -33.0342 161.7047 1.5563
-39.3235 18.3967 120.8540 1.4769
27.0221 -23.2142 -60.6650 1.6052
-23.9871 30.0112 132.7748 1.4127
35.3157 21.3308 -87.2178 1.5103
35.1661 25.8147 -225.4185 1.4458
16.1454 -23.1784 46.7611 1.5380
-9.7589 -35.8150 -108.3978 1.5456
-2.5157 -24.1412 98.1744 1.4711
-29.1618 -9.4427 -29.7976 1.5835
-37.7974 30.3480 88.7678 1.5350
19.7112 -26.7135 -60.2494 1.4739
-19.9704 -30.3502 169.5953 1.4157
-9.7450 -27.5590 167.3658 1.5590
-38.0857 -30.0654 55.9321 1.5663
47.1399 11.3706 -74.7430 1.5454
26.5188 11.7136 -59.7103 1.5420
18.2943 -20.9857 284.0005 1.5865
8.1121 -5.1674 -152.5158 1.4682
-23.0952 35.4708 -43.9897 1.5561
33.3868 -27.6739 29.2957 1.4652
47.7556 8.4063 176.4250 1.5675
9.0768 -26.8410 -64.0172 1.4434
36.7677 -9.4999 215.6255 1.5238
-3.6098 19.1659 165.5231 1.4163
6.7131 6.4581 78.8973 1.4259
8.7638 36.8370 -210.3134 1.4371
34.1743 -8.1864 60.7826 1.4544
1.4044 7.1432 -30.9797 1.4329
-25.0236 -17.8910 -199.2148 1.5234
45.1212 -18.1133 203.8902 1.4172
13.7025 46.4728 322.1226 1.5835
-35.0655 -25.0671 130.8923 1.5947
-38.0314 4.7752 -356.5325 1.4168
12.4280 41.2610 150.2839 1.5907
3.0475 31.0581 99.5019 1.4994
-29.0434 28.4307 -128.9278 1.4570
15.3927 -20.2404 -29.9870 1.5230
5.2677 -9.7912 38.4006 1.4394
30.7744 18.1898 136.2301 1.5225
5.0175 48.3167 215.3022 1.5009
15.4461 32.4588 143.8966 1.5687
-43.1571 -22.0739 31.8362 1.5908
-35.7110 24.6983 -92.8613 1.5109
23.7929 -9.1722 259.3965 1.5221
-25.9721 27.8860 -71.4637 1.5515
-36.7748 19.6100 344.5546 1.4507
-31.4828 11.0096 144.2723 1.4585
3.7612 43.2225 -170.8229 1.5323
20.8382 -5.2105 12.5810 1.5133
0.7579 -6.8832 8.8546 1.4089
1.7015 28.4082 231.4452 1.5919
-33.8664 -7.2086 71.2143 1.4751
25.4679 20.5259 -72.7726 1.4468
30.8130 -1.1201 -211.2749 1.5101
14.3471 35.4594 14.3911 1.4858
17.7602 24.3152 -94.4846 1.4671
13.9042 -14.3701 68.7953 1.5416
20.1914 41.5629 40.9308 1.5346
-4.1364 27.2500 -228.0271 1.4943
2.1410 9.8805 175.0653 1.4594
43.7753 15.4311 -294.2547 1.5463
26.5388 -30.9349 170.2311 1.4722
43.9726 20.5874 -353.9564 1.4485
-43.3739 14.9209 19.7509 1.5575
11.4116 -9.0222 -155.0019 1.4572
-22.9666 8.5523 -77.4854 1.5423
-39.3131 -12.2739 95.1187 1.4089
7.3855 -21.2430 129.2038 1.5746
-28.4125 -3.6407 247.7764 1.5761
35.2693 -33.2955 -117.4016 1.5258
-47.3841 -10.6547 115.2778 1.4699
-14.4906 -29.7511 261.9320 1.5392
33.6420 -2.3012 -48.2974 1.5110
27.5217 -15.9204 5.3811 1.5752
-40.2202 -22.2100 32.2480 1.4557
38.2249 1.0723 -122.5855 1.4569
-0.0301 22.7264 -52.3253 1.4203
-24.6753 -28.2765 171.2291 1.5085
0.0011 -32.6445 102.4351 1.5836
-31.0049 33.8703 179.6760 1.5279
-47.8742 -7.8069 -303.3353 1.5118
0.1393 12.0932 -258.0679 1.5699
-4.1731 5.5249 390.1566 1.5974
-14.3968 -24.5632 -147.8289 1.5530
12.7767 26.9294 324.7994 1.4744
13.6476 15.1435 -36.7668 1.4776
-7.5626 -25.6383 25.3153 1.4144
-14.6370 32.9282 43.2637 1.4104
3.3149 -43.6422 387.1233 1.4066
-11.6766 24.6734 75.6630 1.5031
-28.2020 17.8622 -171.2882 1.4642
-27.5417 -12.4670 201.8429 1.5473
-10.3036 0.7819 23.1694 1.5696
7.0177 -28.9626 287.7691 1.5071
-18.2638 -19.8919 24.1527 1.4991
-9.3813 47.6500 -51.9420 1.4213
-5.4229 -42.9898 -233.7676 1.4438
-22.1985 32.2165 -195.7203 1.5023
-10.6713 -32.8868 181.7436 1.5903
-2.0460 32.6873 253.1409 1.4143
-4.9478 32.2518 14.5099 1.4225
-22.1706 -43.1946 187.8083 1.4546
21.7603 -24.5562 104.1281 1.5479
16.6427 45.5473 445.4792 1.5279
-33.0769 6.0488 16.8099 1.4242
-35.9712 6.9064 -311.3927 1.5979
-43.2186 1.5710 379.3909 1.5791
10.7505 22.2420 26.3098 1.4388
5.5278 -12.6201 -254.1881 1.5008
-13.1180 -0.3043 148.0643 1.5571
36.7595 31.5872 249.1034 1.5611
34.3065 -10.9406 -135.5194 1.4070
22.4979 27.6119 196.2080 1.5213
-19.5455 -14.9330 -50.3308 1.5529
2.4662 -40.9514 226.7365 1.5544
-4.3120 16.2779 89.7977 1.5901
-11.3700 42.1335 228.2591 1.4249
-45.4857 -5.8980 -185.5522 1.5631
24.5152 35.5431 -155.4122 1.5949
3.5196 26.1930 278.6693 1.4259
-36.4677 -12.2771 243.1681 1.4606
34.8498 33.8508 -218.6500 1.4535
-24.7702 -41.6967 303.0268 1.5676
-8.4077 -47.8646 70.2556 1.4246
-18.3918 20.8089 81.8644 1.5550
-28.1412 33.2345 211.3044 1.4611
18.2492 18.3694 -317.6131 1.4403
15.7399 -9.4388 104.9899 1.5932
-7.4782 -9.4003 -402.3018 1.5578
35.2282 -25.5730 83.3267 1.4250
40.6258 2.7419 -177.3974 1.6018
-12.3669 27.6367 211.3744 1.5747
-11.4051 -24.5343 -15.1168 1.4739
-26.1472 35.4232 126.9553 1.5441
-17.6941 -9.3897 37.0989 1.4969
-47.8313 8.3716 142.6374 1.4925
31.6915 12.3060 -123.5560 1.5364
-10.2390 -10.2341 25.9743 1.4704
27.9858 -36.4406 135.5093 1.5257
-27.6998 39.9539 -5.5482 1.4316
-41.3394 -9.3095 -21.1988 1.4219
-30.9868 -22.5067 -158.4743 1.4812
-34.7964 1.0298 -67.1804 1.4330
10.4546 25.2114 -55.6774 1.5376
-34.7438 21.9294 -32.0869 1.4285
32.0615 9.3118 435.3204 1.5818
-13.6672 22.5020 -108.1594 1.5221
15.2370 40.6044 181.0147 1.4478
-17.1740 6.8651 -47.3210 1.5393
-22.4929 5.6670 -85.1438 1.5114
-32.1310 13.7847 175.3199 1.4681
-13.6626 -40.5686 214.9245 1.5943
3.3095 -25.4420 -112.9302 1.5593
-8.6610 -4.1863 -295.2943 1.4300
1.3418 -27.6068 228.3917 1.4133
25.8189 17.6591 -84.1301 1.5086
48.5386 -0.7173 -318.7605 1.4855
39.6173 -9.8859 9.2357 1.4479
-27.5385 -28.6256 -118.0221 1.4961
13.8720 11.9429 266.9563 1.4376
16.9166 -26.0322 125.9366 1.4673
23.5418 -30.2474 -250.3855 1.4924
-6.2608 7.5780 -195.5786 1.4067
9.5393 2.5113 -88.3381 1.5356
-1.7683 -26.8941 194.7637 1.4309
3.2780 -5.7564 38.8287 1.4980
-4.0153 -45.6086 -139.6957 1.4225
44.6130 -10.7350 371.3560 1.5617
40.1765 5.7971 92.1418 1.5628
0.9052 4.3237 47.7813 1.5426
12.7742 -1.5460 65.9471 1.5877
15.0552 28.7885 -148.9487 1.5791
21.5109 -10.9568 14.9857 1.4182
28.0267 -18.7662 -90.4653 1.4151
-30.9792 18.5565 251.8361 1.5110
-31.5824 -33.3550 213.0495 1.4410
-39.6636 27.8913 -5.3301 1.5912
-27.4139 4.4423 222.0717 1.4275
-12.6515 -35.1188 -257.4406 1.4832
24.6117 -14.9297 -254.7487 1.5249
8.6815 8.6036 -50.3532 1.5333
27.8110 22.2242 -112.7620 1.5457
-35.0187 -14.7638 -229.4286 1.5135
15.8531 -5.6125 265.4525 1.4869
5.9363 37.4915 -223.8809 1.5701
36.7375 -6.5095 -194.0333 1.5212
8.1566 20.6430 -203.9238 1.5899
-36.6787 -22.4839 -298.6431 1.4500
38.8069 -22.7967 95.8256 1.5635
32.5651 36.0544 -135.6395 1.4805
18.8564 37.2362 -97.2054 1.4820
-35.8163 -4.6891 -299.3956 1.4251
20.9827 -40.4344 -2.9191 1.5672
-0.0739 -1.4288 -5.5342 1.4831
15.1750 -46.0081 -324.8734 1.5551
15.6128 -31.0962 -260.9272 1.5925
-2.9395 -2.2749 -49.5890 1.5755
8.6756 14.6521 158.7398 1.5719
45.3740 -4.9932 17.3341 1.5485
10.4235 -3.4289 -247.6009 1.5327
38.0140 -25.6727 -164.9096 1.5088
6.8170 34.6382 265.4123 1.5305
8.6375 45.1486 203.2133 1.5061
-44.4634 -19.3637 187.5547 1.5214
-13.6654 -13.6522 239.8884 1.5400
-41.2682 9.8028 -40.0153 1.4115
-8.5396 20.3003 76.8062 1.5568
-3.9534 -16.3886 41.6766 1.5256
13.6322 -33.2664 -274.9963 1.4334
-31.1121 -2.4752 -149.4965 1.4344
-1.8138 -34.9412 -38.1967 1.4448
-16.6966 -45.5062 125.9510 1.5611
-15.6045 1.4009 24.0520 1.5745
-2.8058 21.9552 -273.5574 1.5527
36.2478 18.6746 -468.4064 1.4424
-6.7166 -28.3660 -168.3248 1.5390
-33.7391 -17.3329 -127.3341 1.4682
-30.1331 15.7839 68.3764 1.4267
11.4522 7.3093 275.2204 1.5833
-13.5444 -32.4227 136.9979 1.4261
-21.7824 2.8206 -213.4648 1.5016
1.8145 35.8751 72.7661 1.4597
-43.4281 -1.2787 133.4212 1.4456
-32.9791 31.8049 99.8991 1.4632
-5.8102 -3.2819 111.7065 1.5371
-7.6653 -33.4791 163.1646 1.5950
-12.7476 39.6580 -262.8463 1.4500
37.1650 9.8791 -66.3390 1.5070
9.4680 31.1616 -91.6826 1.5613
17.4859 2.0033 76.4014 1.5929
20.7050 -43.9918 237.8276 1.4340
-17.6595 17.9858 154.0051 1.4645
-9.1138 17.3917 17.1002 1.5178
28.9144 13.4656 143.0487 1.5345
35.5813 2.2458 -170.3308 1.5803
-32.1259 -25.0416 132.6490 1.4522
-11.0006 31.8508 6.8433 1.5404
-45.3618 17.1583 35.2834 1.5315
-12.5329 -18.8202 -77.1231 1.5721
-14.5297 25.3890 438.2594 1.5682
-11.5810 -38.2468 123.0634 1.5603
-19.8165 -41.5843 31.0949 1.4113
41.0877 25.8594 -327.7228 1.5237
6.7423 42.8272 -91.0600 1.5291
21.4606 -32.4652 347.1103 1.5584
-8.1967 37.2108 175.3187 1.5605
23.5127 -6.3155 -143.8507 1.4625
-17.2519 -30.4159 -296.7930 1.4210
29.9570 -24.0641 11.0564 1.5816
-27.8949 -17.6415 120.5478 1.4402
7.5928 -45.4254 -12.0738 1.4414
28.5747 -28.8799 -116.6825 1.4776
-6.5646 48.0846 -127.6739 1.4942
-17.4592 -3.8581 -21.0806 1.4814
-27.4010 -40.0177 -123.9612 1.5351
32.9563 19.9463 195.7114 1.4258
35.3676 5.1909 -262.9363 1.4708
-32.1952 -9.6692 -12.7873 1.5795
0.1851 1.4684 -196.2357 1.5271
2.2233 45.6862 -4.5288 1.4265
-5.9937 -14.2415 38.0253 1.5668
-1.4241 17.0357 61.4077 1.5556
24.1574 9.9813 94.1432 1.4854
-22.8578 -30.5432 -93.3736 1.4790
5.8014 -33.9463 25.6781 1.4845
-31.0348 26.4471 330.1173 1.4601
48.1981 5.4179 -160.6852 1.5255
7.8716 39.6339 -207.5063 1.4193
-38.6999 -24.6621 288.7738 1.5859
-1.8534 -7.6123 -280.7967 1.4921
-19.9524 -35.5374 115.6557 1.5819
-20.1677 44.1356 -155.0755 1.5406
22.9926 -38.2165 -38.4151 1.4977
-41.3199 20.3563 45.7100 1.4999
17.5104 30.3325 -127.6478 1.4641
20.2519 22.9078 -108.1161 1.4505
0.3942 38.2963 -8.5057 1.4548
-20.4522 41.2371 -300.5148 1.5210
-18.3644 39.3216 -279.5120 1.4658
-5.8943 -39.1032 12.0513 1.4308
-7.5258 -20.5534 -228.5033 1.5555
-16.6107 30.9257 -1.6923 1.5016
-25.8546 9.3575 -175.5831 1.5028
38.5830 -1.6947 -1.7626 1.4441
10.7626 -32.5234 242.9227 1.5774
39.8075 23.3347 -56.8894 1.4323
-7.7402 12.4268 -137.2794 1.4643
-18.5089 -12.2273 47.7862 1.4425
1.8608 -38.1395 -83.9620 1.4062
18.7585 -10.0343 47.8042 1.5858
8.8658 -16.2240 43.9535 1.4634
-29.9514 23.5996 1.5906 1.5673
25.2727 41.3995 -4.5040 1.5357
14.6055 3.0673 -3.2668 1.5431
0.4016 -48.5804 77.4904 1.4407
-19.4265 23.8777 362.5233 1.4146
-27.1435 -37.0061 -179.2112 1.5976
-13.4684 10.9763 105.6170 1.5606
22.3888 33.4540 -100.1791 1.4282
43.0150 4.7045 81.5144 1.5779
-23.7343 -20.4303 39.1791 1.4471
31.2845 15.2808 91.2219 1.6045
-3.5457 -21.4694 60.7913 1.5128
-5.3094 -11.3691 -22.9777 1.5392
-21.6860 -12.8850 74.8686 1.4988
-19.6627 -5.8877 246.3436 1.5713
13.1405 23.9640 126.8105 1.5841
-2.8369 11.2521 -78.9337 1.5480
-11.3996 -5.0707 -35.0509 1.4867
-11.1284 -47.2671 596.9039 1.4443
40.9802 -25.8541 -148.3834 1.5732
-11.8509 -44.5316 -125.3378 1.4366
29.8255 35.0982 81.7929 1.5403
-11.7446 6.0129 -46.7452 1.4704
37.2706 -31.0717 211.3716 1.4751
-2.6241 43.2335 187.5549 1.5121
