2.9549 -1.2963 -162.3272 1.7674
18.4467 42.2780 -92.3522 1.6783
24.9004 8.0185 32.4150 1.7560
-36.0011 -36.0826 243.9409 1.7591
15.1594 36.2397 -88.6305 1.7817
-48.4167 -7.8183 184.4313 1.6389
-4.3206 -48.4107 -36.3508 1.6664
15.2986 6.4757 75.3046 1.7530
11.6959 42.7010 529.0963 1.6549
30.6024 14.2851 -155.9673 1.7102
-30.1489 16.9253 106.7243 1.6949
45.5961 35.4646 -152.4045 1.7251
-45.6870 -37.0625 392.2160 1.6723
10.2510 26.3207 -21.6205 1.7021
-13.6477 39.3576 -57.1500 1.7898
-15.8597 -6.7743 -157.9382 1.7826
27.3447 -4.2440 146.3784 1.7265
36.3443 4.2139 -189.9187 1.7428
4.6208 19.3951 -84.0534 1.6277
45.9777 48.2872 188.0480 1.7208
33.6845 15.8556 37.6220 1.6026
0.3452 -45.6472 5.4944 1.6480
23.7830 11.1323 -253.9676 1.6268
42.3008 10.9783 -281.9507 1.7602
33.2390 -0.7778 24.2789 1.6307
-37.1816 -15.2566 221.6642 1.6796
-22.8604 12.2359 192.0436 1.6253
40.3495 48.3950 29.5205 1.6211
8.6674 -42.3825 -386.9393 1.7992
21.6779 -1.1314 10.0968 1.6430
42.3524 27.5358 9.4511 1.7020
-17.3420 33.6644 4.6955 1.7672
-45.6713 -40.1214 258.2473 1.7219
-11.2095 2.0513 3.7601 1.6586
39.2895 -0.7725 431.2005 1.7269
39.4171 25.9740 -24.0696 1.7042
48.3796 11.7702 -51.4735 1.6981
-1.3958 4.0378 392.1116 1.7939
48.3875 14.7303 58.5343 1.6579
37.4708 -33.7502 -139.8362 1.7536
-19.9911 45.4957 148.9960 1.7047
11.1566 -26.1302 -2.2136 1.7534
-31.8403 9.1362 -160.4979 1.6794
-34.2493 -39.0751 -196.3337 1.7777
0.0847 15.7676 114.6043 1.6560
-12.0603 -45.6434 248.4595 1.6699
-32.7890 -0.4628 25.2590 1.7609
-18.4813 0.3203 -11.5046 1.7832
3.5874 45.6540 308.6301 1.6133
39.3509 -7.4676 -156.8126 1.7892
29.3918 -30.8362 79.0309 1.7046
-3.1958 -19.3840 -176.8852 1.6166
16.1091 45.4562 2.2654 1.6378
-27.1516 3.3809 -236.2412 1.7320
22.3151 -36.1692 -66.4127 1.7774
-29.6633 -21.8909 53.9384 1.6692
-27.2516 8.7888 390.8134 1.6122
-35.5425 36.1927 76.8924 1.6034
10.2335 -13.7210 -59.6575 1.6909
-30.9333 -38.9614 -103.6059 1.6120
20.6083 48.3636 366.5673 1.6470
30.3957 -5.8852 -268.7594 1.7935
-42.4725 -1.4073 11.4477 1.7798
27.2076 -0.8164 148.9759 1.7696
-12.2627 -1.0385 -10.3877 1.6527
-27.7026 -39.5753 -59.8949 1.7073
-21.9705 0.4584 -10.2869 1.6744
3.5511 33.8137 51.9118 1.7514
-13.3953 4.7017 64.8063 1.7019
-45.5887 -33.9955 82.4378 1.7329
3.5249 -33.1860 148.8662 1.7057
-2.3989 9.4836 464.5020 1.6072
-8.9995 -45.5414 12.1086 1.6869
-1.7530 27.2837 -193.1924 1.7857
-9.1434 -30.0899 83.8614 1.7855
48.3709 -24.8827 -4.6268 1.7436
-48.5120 -44.7747 84.4664 1.6562
-8.6083 36.5816 -224.6632 1.7471
27.6691 22.7537 -72.2114 1.7274
-24.7472 -26.4712 262.1105 1.6702
45.5033 -29.5319 106.5872 1.7369
42.5243 -24.6529 103.4492 1.6326
-7.9300 -33.2799 59.4196 1.6874
-25.8759 -42.4575 -2.6251 1.7754
41.9543 45.5359 -270.6914 1.7652
-15.4750 -1.3094 -204.1757 1.6654
-0.0720 48.4661 -184.0537 1.6452
35.5012 42.0523 54.1183 1.7780
-31.9694 -31.8409 233.0986 1.6694
17.6465 48.3381 204.0472 1.7367
21.3477 -8.1049 327.0289 1.7907
-21.3729 24.4332 47.9702 1.7171
18.8710 15.8188 303.5290 1.7308
-25.7257 -17.5174 -76.9270 1.7711
24.2042 20.9185 197.6958 1.6873
22.0051 36.1312 62.0070 1.7842
-26.0443 11.8034 278.5905 1.6791
12.5155 23.8008 70.2087 1.7623
-19.9988 -40.1890 -181.3394 1.7362
26.0285 -30.2023 -47.1757 1.7816
14.0653 -48.3938 174.1333 1.6959
45.6056 4.1946 -193.7146 1.6425
-37.0555 24.1122 180.1033 1.7894
-39.3993 0.3426 -110.8582 1.7834
0.3776 24.5310 155.9497 1.6289
-8.3493 -11.9520 61.5547 1.7756
24.5608 14.3893 74.2397 1.7276
6.0216 -30.6414 135.2055 1.6858
27.0146 39.0348 -20.8050 1.7233
42.1860 -9.1802 -211.5687 1.6556
-13.4914 -4.1972 55.9274 1.7566
-48.3810 20.1111 346.0193 1.6609
8.5354 48.3874 -221.7684 1.6888
-7.2059 20.3826 -11.4369 1.6446
-36.4444 45.5625 -218.0671 1.6369
28.5997 -21.2536 212.0563 1.6546
28.7595 45.2810 67.3932 1.7107
5.2533 -27.4414 -131.4319 1.6827
-34.1284 -14.1528 106.7057 1.6333
42.2882 36.1722 -40.3411 1.7807
-37.2893 -48.4348 341.4022 1.6200
9.5309 -45.5790 165.5073 1.6246
-0.9951 -16.9747 -56.3589 1.6985
-28.6777 36.4775 -84.7251 1.7515
31.2335 -19.2295 -136.6852 1.7963
8.3898 36.8667 430.4296 1.7864
-48.3418 32.6842 -166.9568 1.7363
16.2070 0.8651 -66.6675 1.6760
-28.3087 -15.1154 -357.6571 1.7493
-36.7738 -11.9784 -113.5597 1.6731
11.3801 20.5498 391.7658 1.6582
-18.7944 36.6567 53.7752 1.6458
-45.7084 12.4127 37.4782 1.7163
39.4402 19.1398 -9.8970 1.6483
-45.4422 -24.8008 63.8632 1.6299
36.3999 10.9936 -56.7484 1.7458
18.3630 30.4380 -6.9933 1.6245
-10.7973 10.9836 199.2596 1.7581
1.4162 -14.5934 8.4870 1.6322
-36.8843 -27.1989 -84.8876 1.7484
-15.8962 22.0573 183.8670 1.6143
-13.7931 19.4242 -56.1920 1.7894
17.4977 -28.9006 -119.0206 1.6099
33.4499 9.3350 265.9459 1.7037
-27.0938 -36.4238 330.8804 1.6346
-48.4323 4.6684 -80.8669 1.6474
-15.5322 7.3210 -187.1383 1.7589
28.7522 36.0810 73.8909 1.7459
12.0789 -3.8401 -126.7371 1.7307
-17.7409 -33.9053 51.4639 1.7929
-48.3503 -4.6941 -168.5046 1.7273
-12.6840 -16.8300 106.5692 1.7513
-15.7958 -39.4984 113.3805 1.6181
-37.1927 11.3908 101.2763 1.6264
-39.9531 -45.4094 -283.5384 1.7034
-10.5357 -14.3991 153.5545 1.6150
-3.5684 -2.4634 64.0092 1.6134
-35.3133 -20.7433 424.5694 1.6403
19.4529 -17.0408 199.9834 1.6917
-45.5820 3.0696 -205.6750 1.7633
8.7612 -7.1911 250.0006 1.7140
-9.3530 -8.6039 -10.6459 1.7505
48.4384 -48.7480 -65.4466 1.6098
-45.5836 18.5722 303.5826 1.6309
30.3362 0.9612 320.1542 1.7994
-11.6145 -11.1633 -52.6462 1.6402
-16.9113 -12.6786 143.7530 1.7774
-29.4410 48.4211 -291.1849 1.6245
-5.1659 36.0366 131.3444 1.7989
27.9401 -14.5093 -0.5100 1.6102
17.0576 -22.4170 -278.0044 1.7735
-33.6503 33.5532 50.7817 1.6138
23.2335 -48.4412 -28.3356 1.6002
45.3246 45.0199 -42.8001 1.7840
11.5738 30.0090 -210.3363 1.7182
48.4426 31.5161 168.8139 1.6354
48.4993 34.3162 350.2018 1.6320
-32.7004 27.6864 -305.0418 1.6777
14.8265 -5.9091 197.0044 1.7820
22.4831 -18.4246 68.3227 1.7633
3.3482 -45.5792 42.1763 1.6712
34.0360 -17.3829 -170.2197 1.7099
-21.2508 -8.7569 199.1070 1.7153
-13.2084 -25.6993 -119.6062 1.6899
7.5419 2.3649 219.5499 1.7369
33.5098 -10.8460 -30.2663 1.6193
48.3808 -0.3483 73.3614 1.7055
45.3437 25.8560 51.0301 1.7508
45.4851 -1.7655 -65.5900 1.6602
-48.2719 -23.0636 28.9887 1.7978
-14.1670 -36.6431 130.7228 1.7148
11.0854 11.7161 16.3037 1.7749
-16.5833 -30.6476 250.9007 1.7489
-4.4667 -25.0907 87.5796 1.7252
29.0483 -36.6692 -161.3338 1.6065
-19.1346 -27.9026 -233.7210 1.7489
21.1654 -4.4554 355.8304 1.7660
27.2357 2.6682 -380.3519 1.7844
-11.8218 -20.1539 99.4389 1.7740
-36.1644 -41.9942 -340.9107 1.7656
-38.9226 36.0491 204.9075 1.7953
40.8531 -39.7575 -89.5497 1.7481
21.6512 -11.6103 -110.3009 1.7800
48.2489 -6.6169 46.4484 1.7961
35.5516 -23.9502 121.0398 1.7327
18.6560 -45.5151 -417.6149 1.6988
-8.4051 17.3409 194.7660 1.6322
25.4794 30.1445 11.1347 1.7654
-20.9004 -22.0008 -350.1500 1.7772
1.9304 -35.9904 164.4193 1.6148
4.7468 28.1487 111.6377 1.7293
-6.4460 14.7825 -62.6234 1.6490
-34.6750 -17.3993 -24.8891 1.7253
13.4025 -14.6763 86.8057 1.6452
-14.2090 -42.5061 168.0034 1.7395
26.3178 48.3913 -421.8722 1.6627
-39.5349 -25.0725 -55.2525 1.6651
43.3006 -45.8650 -224.6810 1.6457
42.4285 14.2494 -159.0833 1.6142
42.0828 42.1784 47.9240 1.7260
37.2276 -45.6329 174.1454 1.6441
-0.8456 45.4412 -229.0504 1.7296
1.2287 18.8295 -324.9204 1.7015
30.4723 39.0693 62.7540 1.7937
17.4549 3.9329 440.6375 1.6554
37.1181 33.2487 71.9564 1.7086
42.3089 4.1991 -284.7632 1.7432
6.2739 -0.6085 52.9739 1.6220
3.1796 39.8391 259.2360 1.6937
14.3812 -27.4860 -474.1516 1.7179
-39.5962 -41.9969 295.4780 1.7882
14.3997 12.2538 -260.5409 1.6896
-19.6706 -48.4230 3.1977 1.6666
-25.2626 36.3275 -112.9053 1.7689
4.9001 36.8669 83.9724 1.6863
-0.0337 -20.1542 -76.0972 1.6000
23.0989 -28.5771 97.2203 1.6684
-19.5855 12.6007 -205.0701 1.7191
-38.7823 30.1629 -129.5004 1.7660
20.5429 -33.3569 209.1026 1.6462
32.4806 -48.3600 -56.9264 1.7345
-24.6335 23.8091 156.8407 1.6960
-45.4455 -3.1282 156.0133 1.6958
-10.4389 45.3965 -48.4755 1.6604
-30.3522 39.4162 -24.7041 1.7418
-9.6539 14.1404 78.9702 1.6359
-17.9921 -9.4364 371.4508 1.7237
-12.6642 -39.5656 159.2014 1.6075
23.9752 -39.4335 202.9007 1.6822
-45.5925 6.2230 -238.8536 1.7386
27.0111 33.1937 250.7150 1.7342
-4.2610 -42.6513 92.3726 1.7269
-48.5764 48.5114 -28.4234 1.6688
-4.0811 20.9083 -317.5337 1.6363
35.9618 -30.7271 -207.2904 1.7212
-45.6662 9.3281 -277.8670 1.7248
35.6833 -36.5882 -177.6020 1.7455
-41.9873 28.9900 -15.8005 1.6650
39.0414 -27.8011 -124.8163 1.7475
-30.2177 -2.6128 -102.4291 1.6398
-32.7423 -42.2246 -109.4014 1.7836
19.7737 1.5486 311.8655 1.7363
45.5756 -14.0889 -77.2823 1.7300
45.3967 -4.8055 -289.6280 1.6508
-14.6886 -10.0087 106.8528 1.7059
-48.4785 13.8716 -10.1535 1.6169
7.0274 -13.1740 200.6186 1.6515
-0.2813 -8.1305 246.9309 1.7749
18.8397 -36.2413 186.1683 1.7366
6.5293 8.1868 10.5717 1.6181
-0.1556 7.1424 -133.3488 1.6216
48.7779 48.8088 19.2650 1.6717
-48.3458 38.9398 174.6392 1.7147
-10.7679 -36.2195 -163.4514 1.7180
32.1266 36.0454 -178.3980 1.7327
7.8911 -48.4299 73.0419 1.6571
-1.2838 -4.8731 -387.1402 1.7545
-42.4651 5.2548 -188.3038 1.6570
0.4745 -11.4969 136.0822 1.6653
-3.8967 -37.1092 -81.1896 1.6373
-41.3213 -38.6884 233.0889 1.7962
-23.3068 -19.7565 38.4128 1.6001
-4.6287 -33.9320 -206.2747 1.7649
24.7278 -45.6375 7.2348 1.6657
-25.7216 -48.4256 290.1990 1.6370
-12.5352 -7.4539 70.9009 1.6867
38.9418 -18.3001 -131.0688 1.7911
23.1672 -25.1763 74.6858 1.7832
4.1741 1.9241 75.8729 1.7523
9.9847 33.0282 138.9524 1.7392
4.5091 10.6893 -249.7549 1.6236
2.9520 -9.2584 -37.6800 1.7365
-6.4117 -18.6399 -65.7441 1.6761
32.6117 -29.6132 -272.7709 1.7542
18.9481 -42.1865 394.1531 1.7880
-39.1772 17.5663 -197.2145 1.7826
-32.9560 -7.4412 -8.9228 1.7718
-23.4523 27.0525 -102.1058 1.6401
-14.3199 -22.5557 255.9677 1.7581
-10.4346 19.9274 -192.5947 1.7090
21.6822 23.0510 -299.3463 1.6588
-19.4103 -15.1856 -18.4709 1.7804
27.6293 -11.1643 -372.8443 1.7813
-42.4472 32.3143 -112.0931 1.7742
29.1762 48.4250 -93.3489 1.6990
2.0343 4.5963 -203.4311 1.7146
-5.2559 17.8123 -24.5441 1.6319
5.7506 -18.6304 -61.1065 1.6542
-1.2220 -26.0003 -22.4217 1.7723
35.6432 -48.3690 -394.5229 1.6979
2.4727 30.6430 238.6255 1.6921
-38.0176 -31.2613 69.1906 1.7692
25.2795 42.0030 319.6782 1.6986
-13.6033 45.4102 -617.0177 1.6576
-37.8526 -18.8568 -280.6593 1.6355
-39.4887 3.8496 -49.2415 1.7362
10.2063 39.7366 10.9186 1.7449
-43.8313 48.7356 516.4137 1.6272
-15.5669 30.8460 -90.8377 1.7200
45.3391 41.6706 -116.0393 1.6979
-13.2110 -29.5421 -286.0250 1.7670
-37.2801 39.0560 -34.7293 1.7442
-10.1782 -5.1458 -35.4354 1.6350
-10.9912 -23.3721 223.2888 1.6438
-2.0335 18.3574 175.4108 1.6991
30.4200 33.2066 -355.6687 1.6236
36.4857 0.9876 -217.8608 1.6270
-29.2949 11.2987 -169.4004 1.6715
1.8593 -48.4224 -273.2503 1.6643
16.9540 27.4327 -103.1875 1.7858
-30.3526 -9.8078 0.2614 1.7811
-36.4487 -4.9664 -63.1687 1.7238
-40.7493 39.0632 -15.8873 1.7667
-10.1068 33.4681 204.0277 1.7630
-23.5538 39.3538 -145.3442 1.6986
-3.6498 6.5007 -348.9681 1.6664
-25.8096 20.6614 -96.2087 1.6782
42.2404 7.5943 121.1835 1.7311
9.5817 -0.4878 298.1978 1.7212
33.6521 19.0690 31.4101 1.6512
-45.6303 24.6743 128.7816 1.6296
-8.8926 8.3007 -286.8311 1.6139
-40.9137 -32.9217 -367.2086 1.6209
-33.6878 -26.2183 182.1884 1.7288
-9.3442 23.0401 306.5427 1.6721
-24.9145 14.8814 -3.2586 1.6570
-5.8115 -30.7572 -3.4853 1.6657
42.6915 -37.0259 22.9588 1.6176
38.7941 -48.4439 6.1643 1.6848
42.5086 17.5592 -18.9188 1.7863
-42.5907 -26.4630 -15.2405 1.7161
3.3502 7.6681 295.3394 1.6525
-36.7253 -45.3309 310.4822 1.7311
20.2545 33.1355 172.2082 1.7517
-23.6511 3.3230 92.2899 1.6969
-15.0206 -45.7113 331.6551 1.6308
21.2465 13.3532 298.5216 1.7760
6.9890 25.6663 -150.0180 1.7245
33.6699 22.6861 85.5069 1.7029
19.1990 45.4698 -116.5098 1.6409
-42.4373 8.5221 -236.1413 1.7109
9.5382 -10.4317 -60.4171 1.6846
-24.9947 -14.1360 -192.9587 1.7654
-48.3155 -19.9087 -1.7757 1.6783
35.5390 -42.4004 372.2286 1.6482
30.7724 17.5474 -129.0357 1.6646
40.6414 39.1525 163.1847 1.7452
25.6199 -42.4404 78.1012 1.7271
41.2658 -34.0178 155.2612 1.7963
-25.5943 -29.8156 -178.3034 1.6670
12.6216 -20.8070 -299.0294 1.7789
-33.5681 2.7501 -107.3072 1.6266
1.9580 -42.1078 -215.8076 1.6815
-31.4377 -16.3413 152.3834 1.6005
-26.8981 39.4019 -38.2038 1.7560
45.5180 -38.6750 -79.3922 1.7543
12.3649 14.8405 177.2147 1.6581
-16.9639 27.9086 -8.6304 1.6223
-3.1730 33.1604 -66.3475 1.7725
-48.3810 16.9758 114.0533 1.7436
48.4380 20.4078 -114.9171 1.6092
-15.5223 36.5179 -235.4280 1.6892
36.2371 -2.2958 59.0372 1.7967
33.8605 39.0661 247.8707 1.7410
42.6934 -15.7488 -115.1360 1.6416
-5.4611 -21.7917 128.4695 1.6942
-2.7859 -10.4971 2.6401 1.7724
1.1663 10.0554 -48.0485 1.6182
3.7310 -39.4074 83.8993 1.6193
35.2195 45.3675 -9.5434 1.6760
14.1407 3.3778 -201.1830 1.6597
35.4976 36.1322 81.3123 1.7308
-33.8761 11.8166 -152.3876 1.7612
-45.5075 -27.8440 -26.8354 1.6257
-45.5600 31.0632 511.3431 1.6097
-0.4585 -29.2102 -133.4237 1.6101
6.9816 -39.4039 -70.8420 1.6909
13.5321 27.1641 -85.4311 1.7555
-26.4089 -20.8949 -321.2607 1.7378
-20.6954 9.4309 114.4745 1.6879
1.5352 27.5227 -260.2447 1.6232
-17.4856 -42.2853 50.1261 1.7173
-35.2867 8.7112 158.7466 1.7151
39.3023 9.2444 375.9388 1.7054
-15.4196 42.4226 9.4111 1.7184
26.8732 27.0339 -94.0949 1.6718
39.5017 -10.9346 -194.5185 1.6602
37.3313 -39.5717 101.7797 1.7771
-10.0479 5.1709 -129.5937 1.6947
15.8246 -12.5715 142.8608 1.6333
-34.5506 -29.6325 -30.2139 1.7213
3.4289 16.3426 293.6365 1.7045
-8.2605 26.1867 -82.0482 1.7232
-24.2860 -39.3275 -100.5670 1.7186
-15.9133 -27.3702 58.0107 1.6461
35.6122 -27.3537 -106.2917 1.7653
-31.5944 -48.5024 -64.1469 1.6134
45.5481 38.5606 81.7111 1.6191
38.8044 -42.6433 -204.7789 1.7841
28.2448 -17.6862 95.5674 1.6333
9.9441 45.4948 -309.1672 1.6957
23.5814 27.4737 52.9326 1.6445
-7.2063 -36.5820 -329.1916 1.7647
18.3905 -10.6181 -313.4301 1.6575
24.4256 -2.7057 -54.7249 1.6708
-33.2671 45.5610 304.6114 1.7750
27.5770 12.8808 -106.2865 1.6682
5.2445 -42.3722 -28.2820 1.7624
-22.4988 -42.4566 78.4086 1.7312
-4.1003 45.5343 61.2631 1.6066
-30.1414 25.6500 -217.3568 1.6509
13.3937 33.2397 37.0787 1.7550
-5.8595 48.3446 -125.1843 1.7246
28.6379 41.9935 95.3700 1.7666
40.9106 -21.9277 319.6391 1.6610
3.8312 -12.4042 275.6974 1.6436
-28.9854 28.6914 7.4718 1.6390
-0.8461 21.4878 57.0601 1.7219
36.5072 14.2792 21.7398 1.6213
10.9732 -48.3776 7.8169 1.7343
-18.7817 42.3945 2.6285 1.7558
24.1121 1.1495 76.9640 1.7433
-17.3894 -3.7904 22.2111 1.6394
-23.4926 -11.1821 -307.3828 1.6796
48.4223 -34.1519 50.3507 1.6625
-32.2913 19.4862 -103.0561 1.6862
-45.9116 -15.5747 242.6555 1.6456
-31.0656 -13.1462 -524.5905 1.6765
45.3663 22.5336 -220.0301 1.7059
45.6061 16.3154 -57.7217 1.6303
-27.9433 23.2013 186.3469 1.7105
-21.0103 -34.2843 166.6820 1.6023
-33.5383 -45.4921 83.7473 1.6754
42.4618 -27.8491 -301.9843 1.6758
-5.0587 26.7477 39.5813 1.6605
27.9111 19.3848 -17.7004 1.7469
48.4159 17.6202 -61.8096 1.6515
-23.6669 18.0086 -278.8922 1.7293
15.2799 -9.3238 29.5069 1.7098
0.8117 1.3969 -237.7644 1.7833
15.0424 30.2712 120.3847 1.7366
6.8102 16.9188 274.9181 1.7613
36.3961 -9.2565 15.4269 1.7389
-27.5205 -8.0540 145.1935 1.6618
-0.8770 30.5602 -103.8107 1.7286
-2.6239 -31.4379 262.4277 1.6006
36.3294 7.6123 153.3493 1.7060
18.0861 21.6608 273.3031 1.7682
14.6579 21.0890 -266.3902 1.7231
27.8312 9.5878 202.7686 1.7279
-48.3457 35.8013 311.9743 1.7031
-1.2102 -48.4272 346.5440 1.6795
48.4775 -43.0293 -55.8652 1.6718
-39.8148 -13.3105 99.8329 1.7431
48.3411 -3.4423 -377.5579 1.7598
-26.9517 17.5193 461.3638 1.7349
8.7450 5.4264 -60.8507 1.6299
-26.4088 -33.1045 53.3331 1.6060
39.3164 2.5351 -152.5598 1.6121
-5.7398 9.0309 42.6880 1.7365
-48.4496 -32.5027 -168.0774 1.6369
-4.4368 12.1558 199.1502 1.7232
8.3697 42.5766 136.3879 1.7394
48.3936 8.7375 321.1131 1.7129
17.8666 -4.5186 -119.0122 1.5996
31.9411 48.5325 302.5137 1.6005
48.4256 28.7048 168.8965 1.6604
-23.3075 -32.0844 -229.7747 1.6517
-45.6346 -30.8790 51.9496 1.7304
17.1883 -33.2505 77.7616 1.7709
9.2963 -19.6467 -167.3735 1.6356
29.3464 -48.4106 337.8119 1.6676
-27.2056 -24.1969 -241.9669 1.7328
34.4187 -20.7210 -23.1404 1.7752
-11.6703 16.7571 -267.1115 1.7300
-23.8385 -2.5401 49.1441 1.6620
-1.9934 42.2999 -247.7484 1.7764
-15.0190 -19.2422 -201.1616 1.6366
6.8430 34.0787 1.8242 1.6308
38.8770 -24.4985 -109.7006 1.7001
-5.3966 42.4886 -191.9978 1.7652
4.6680 -15.5172 32.9614 1.7345
1.4708 42.8934 -109.3510 1.7802
32.0259 45.4954 -106.4241 1.6376
15.6141 15.3241 77.6284 1.6783
-39.4355 -3.1049 128.9372 1.7406
24.3340 4.5864 17.6762 1.7732
-23.3465 45.3116 -136.5981 1.7089
11.7388 36.3045 -198.2762 1.7472
-33.8661 39.5090 -205.4343 1.7859
-33.2483 16.2990 131.3959 1.6460
3.3801 -20.9651 -272.4192 1.7847
-13.6564 28.1439 67.8232 1.7097
39.2956 5.8528 474.3010 1.7861
-24.0532 -35.3020 163.8734 1.6983
36.6809 -12.5720 13.0127 1.7099
-45.2828 27.9006 -401.3820 1.7872
-28.8278 0.4104 -18.2896 1.7593
45.4239 -20.2192 -127.6767 1.7622
10.0074 -22.9489 -257.0441 1.7183
-24.0203 9.1645 -255.2031 1.7308
36.3289 -5.7579 0.9874 1.7984
-39.4477 26.7168 -123.2991 1.7865
24.5104 -9.5410 -82.8588 1.6643
-39.4821 -9.9154 174.5285 1.7742
12.9344 0.0589 -153.4679 1.7172
-42.9207 45.6502 -254.2294 1.7269
32.0775 42.1450 104.8891 1.7512
-48.3364 26.3253 31.5592 1.7545
2.2898 13.1711 -52.8570 1.7584
45.4607 32.3118 -98.4367 1.6519
39.6803 -14.2572 -130.3558 1.7202
30.6731 -12.6409 -9.3362 1.6935
-22.0706 42.2932 -187.0010 1.6328
-42.4513 -8.0684 -42.8003 1.7585
-41.7802 -19.7019 -74.9729 1.7724
9.8280 8.5421 196.0725 1.7740
-12.6014 22.5446 158.0822 1.7323
20.9181 4.6238 -142.1616 1.6819
-8.7295 42.4687 104.5327 1.7218
13.5720 17.9311 -368.2766 1.7188
-40.2007 -16.6585 51.4465 1.7285
-45.6300 -12.5019 13.7009 1.7071
-48.4574 -35.5560 274.3381 1.6290
15.4465 -36.1876 144.4657 1.7152
-48.4615 1.6270 -42.4810 1.6060
-27.2781 -11.4181 -36.4505 1.7396
30.4716 -9.3000 -86.1511 1.7030
16.4713 9.6607 140.6177 1.7659
-20.2719 -11.9385 -144.9060 1.7024
-31.2349 13.8279 -32.9385 1.6219
-2.7253 -45.6186 249.8131 1.6973
45.5187 7.1995 380.1667 1.7014
19.0412 24.8316 65.5577 1.6091
-35.9830 14.5114 -358.8237 1.7622
-48.3888 23.1664 -67.9991 1.6763
30.1879 27.4777 -468.8385 1.7269
25.3858 36.1344 -104.2033 1.6898
-6.9947 -6.3268 -292.2722 1.6282
-2.8390 24.1192 45.1770 1.6820
6.7701 45.4232 -240.6703 1.6488
-39.0678 7.8058 122.8147 1.6807
20.1602 -23.6100 109.4058 1.6029
10.3268 -39.3580 -132.4992 1.7429
5.8661 22.4323 -431.7118 1.7141
15.5338 -42.2303 140.8706 1.7620
-5.8719 -45.5564 -108.7613 1.7159
-26.7606 26.3342 -33.4002 1.6887
30.5618 7.6616 48.1043 1.6948
-16.0718 -16.0584 -173.3097 1.7984
13.0456 45.5323 -53.5751 1.6111
-42.9759 -44.7046 283.3077 1.6142
34.0488 -33.5295 -155.9863 1.7275
16.8996 18.4993 -19.0435 1.7188
42.4808 20.8495 179.1649 1.6439
42.6907 -31.0766 -140.1435 1.6433
-21.1448 -45.5589 344.9029 1.7254
34.0855 -45.3941 61.7523 1.7841
-33.1326 6.0455 -47.5427 1.7470
-45.6214 43.7881 49.7618 1.6919
-3.1702 15.2575 -88.4596 1.6871
-22.1153 6.3128 -175.7302 1.7695
-0.1800 39.3746 22.2113 1.7899
27.3919 -7.6983 198.7639 1.7892
-32.1652 -19.6247 -36.5644 1.7792
-27.9921 -27.4990 -84.6532 1.7528
-42.6700 25.7959 108.7170 1.6661
-42.5544 -11.4087 -20.8950 1.7067
12.5330 -45.5527 13.9394 1.6432
7.9480 -16.2598 -83.4206 1.6949
-36.9875 33.1476 3.8941 1.7893
-3.5943 -28.3699 149.7976 1.6926
-19.7255 -18.7231 -71.7227 1.7762
-1.0554 12.5416 -195.9132 1.7928
35.4959 30.4591 -171.1098 1.6361
-7.5200 -42.6178 -57.1283 1.6910
25.7524 -36.5561 -136.0628 1.7554
-18.1344 48.3167 -114.5487 1.7527
-42.3455 42.2055 -163.7008 1.7803
-35.4774 42.4728 30.8549 1.6509
-46.0107 46.9615 101.7533 1.7517
-33.2204 -3.9531 294.4959 1.7921
-20.4241 18.4407 59.1018 1.6657
0.5975 -38.9379 -64.0788 1.6798
-42.2283 -23.1371 130.1634 1.7115
27.6363 6.0792 247.1701 1.7103
-37.9492 48.3373 -253.8292 1.7238
-48.4575 7.7609 16.0481 1.6376
39.4577 -31.0889 150.4947 1.6950
-48.4273 -10.8923 -219.7502 1.6714
-48.3409 29.5093 -66.3468 1.7301
24.2559 -6.1235 -66.4292 1.7827
48.3994 5.7392 9.8160 1.6415
-33.6442 24.5439 -40.1544 1.7207
6.7788 -21.8544 -27.2750 1.7725
-20.6553 33.4685 75.8374 1.6213
5.1909 -36.6014 67.7608 1.6741
17.6696 12.7691 26.4492 1.6392
-36.4070 -23.8463 -65.1421 1.7287
-48.4006 42.1159 -71.7533 1.7179
38.8264 36.2886 -113.8633 1.7347
45.6434 -10.9795 -84.5105 1.7186
2.6683 48.5110 -274.0573 1.6111
-10.2655 39.5074 24.8517 1.7115
5.3018 -3.6232 -205.5194 1.7121
1.6422 36.5655 297.3582 1.6479
-45.7111 -9.4380 178.4082 1.6032
48.4246 -15.6312 -172.1419 1.6681
48.4427 -37.1250 138.7963 1.6012
42.4634 30.8878 -370.6673 1.7841
48.4011 -31.0920 40.3643 1.7197
-21.5050 -25.4103 -180.6924 1.7535
-31.5616 30.7831 -280.2522 1.7768
20.1876 39.2388 -16.0573 1.7860
-36.6622 2.1508 -53.1928 1.6340
18.5137 -1.4749 -29.6670 1.6890
-16.7568 4.0301 -15.3743 1.6969
-12.9585 13.6101 -30.1924 1.7584
8.6758 -3.7672 -147.6769 1.7272
39.1983 -36.7199 120.7724 1.7925
45.6604 -35.6126 509.8686 1.6304
45.6513 -17.1430 93.9544 1.6580
-5.0723 -13.0227 64.0645 1.7758
0.2261 33.6446 -177.7996 1.6726
45.3014 -48.3489 -215.7555 1.7793
-18.9641 30.5913 204.3006 1.7489
11.5185 48.3724 26.3474 1.6945
42.3512 -5.9809 58.3987 1.6540
-9.2961 -39.3434 37.9725 1.7887
-30.4871 -45.7032 36.9153 1.6238
48.2983 43.1161 133.7730 1.7725
-39.3780 -35.8268 225.7311 1.7240
5.5466 48.3290 112.6370 1.7431
-31.2687 -28.5474 -250.8921 1.7843
-21.9769 36.4886 -128.4675 1.6362
-11.9672 36.3416 463.8917 1.6558
30.9038 -15.9028 -26.2772 1.6328
-6.0381 -9.5148 -79.4465 1.6400
-19.1619 21.7274 76.0775 1.7246
45.5225 13.3143 -157.1804 1.6346
-22.7191 -48.4145 -123.5640 1.6247
-39.1080 -21.8261 -269.7559 1.6449
39.0174 29.9902 50.9511 1.7888
-8.0172 2.5698 -112.1636 1.6021
-45.7565 -43.1470 307.1522 1.6315
-25.4509 6.1815 83.2585 1.6234
11.9625 5.9167 146.5193 1.6917
33.9581 -39.5350 -39.3109 1.7291
27.2440 -33.4628 -301.2515 1.7824
-35.0086 48.3978 -342.7284 1.6195
-45.7538 -46.1342 314.8375 1.7222
-19.1921 -6.3210 -273.2360 1.6135
26.2604 -48.4407 55.2416 1.6781
22.3340 -42.3876 12.3176 1.6987
40.3872 33.3918 118.5241 1.6867
28.9429 -24.4178 315.5628 1.6580
-28.0752 14.3500 -207.2739 1.6482
26.3723 -26.6684 -126.4336 1.7819
-27.3133 32.6748 124.1412 1.7126
36.7822 -15.7794 77.9609 1.6375
17.2699 -39.2340 123.0774 1.6063
-35.0591 -32.8972 247.9973 1.6857
-25.3680 0.4596 -350.1265 1.7622
33.3981 -7.5484 177.4300 1.7501
33.3941 26.4293 147.8646 1.6707
-32.5337 -35.9992 -140.1628 1.7990
30.7100 11.0309 224.2024 1.6065
30.9107 20.8609 -194.8640 1.7041
19.8997 -20.4791 -226.2838 1.6396
16.7839 39.3044 50.5075 1.7317
-48.3530 -1.4893 -212.3801 1.7393
13.4647 39.1982 111.9213 1.6649
25.6010 -19.7736 32.9138 1.7772
11.7253 -29.4915 113.6452 1.7287
36.5697 24.2787 -86.2881 1.6677
7.5300 -25.1451 185.1215 1.6094
-20.4994 -2.6000 128.3217 1.7527
10.2121 17.3804 16.2245 1.7600
-18.0468 -45.5398 -55.2578 1.7391
-39.6102 45.3527 -49.3606 1.7358
18.5628 36.1492 360.4990 1.7802
-21.5766 -37.3698 32.0554 1.6620
-12.0599 42.4459 -70.5328 1.7499
-34.8952 30.5528 58.5906 1.6590
-28.9583 -18.5461 128.9681 1.7612
-48.4604 -38.6053 -188.6653 1.6372
32.6472 -25.6899 95.6385 1.7176
-12.3322 31.0788 253.8007 1.6101
-25.2555 42.2935 89.9649 1.6197
-30.3749 -25.1729 -155.4045 1.6308
6.7325 -33.7729 76.9436 1.6482
30.4689 4.3536 -92.1557 1.6266
33.3082 -4.0902 -233.8438 1.7172
22.1981 30.4716 215.2612 1.6110
32.1724 30.2734 271.9565 1.7773
15.2612 -2.4219 107.4485 1.7885
-45.7442 -48.9404 -321.6205 1.6106
21.8450 42.3025 90.8091 1.7844
45.2949 29.1167 91.3414 1.6932
-40.1593 -48.5276 -89.0346 1.6508
-40.4098 23.3939 -32.1144 1.7168
-29.9810 45.3950 85.6412 1.6331
30.6197 -39.5103 182.9287 1.7163
19.0371 -13.7840 306.8107 1.6946
-8.9244 48.2936 238.2259 1.7625
-4.7863 3.2270 79.2977 1.7846
2.0817 -5.5963 -248.8220 1.7047
-26.6951 45.2507 257.9790 1.7158
30.6656 -33.8566 4.6594 1.7453
-6.8386 5.8308 320.2729 1.6444
-7.2404 45.4328 63.3338 1.6522
4.3576 -24.2671 -209.4689 1.7261
-15.0042 16.2549 -39.1328 1.7070
-20.3122 27.6045 78.0557 1.6027
45.4043 -41.9176 212.4043 1.7857
-4.1025 29.8956 -15.8519 1.6689
38.8138 41.9154 -26.3222 1.6405
6.2307 -10.0885 -95.7457 1.7039
-14.8105 25.0767 71.6987 1.6796
-17.9234 -24.7579 -100.3501 1.6608
4.9269 42.6956 73.3758 1.7354
30.3026 -2.4774 -44.0345 1.7284
32.3459 -36.6678 -188.0992 1.6880
-6.9882 39.5151 94.7421 1.6532
-22.4914 -16.5663 -297.2857 1.7400
33.7886 33.2195 265.9776 1.6660
13.1584 9.0206 -269.5296 1.6423
-36.0462 27.4169 103.8947 1.7512
-2.4549 -39.9138 -117.4644 1.6510
3.6676 25.0119 -168.9133 1.7361
-9.5336 -17.8013 85.7310 1.6026
42.2755 -2.6952 48.1079 1.7684
29.8103 -27.5674 243.9147 1.7699
-11.1958 -32.8331 -118.1837 1.7195
33.5141 12.6522 75.1123 1.6637
42.1890 -42.8464 142.2868 1.7330
8.6024 -36.4290 -92.7344 1.7047
20.5914 -39.1821 73.1664 1.7690
8.1400 19.9827 216.8998 1.6494
16.9929 -19.1079 -45.6236 1.6506
-27.0746 -2.3611 -30.4047 1.6140
22.1053 -15.0495 154.8035 1.7023
12.0139 -36.3889 77.0827 1.7773
-17.0708 39.4558 137.7617 1.7217
-1.7306 36.3206 -188.1380 1.7056
-42.2720 20.5326 -324.2645 1.7636
-7.7833 -24.2813 463.5059 1.7912
-32.2217 36.4968 -95.3270 1.7467
28.8007 30.4349 346.2409 1.6682
-6.7992 -27.5415 -161.5777 1.6714
20.3449 -30.2411 1.8971 1.6082
21.7368 7.6677 64.0402 1.6041
-31.1239 22.5003 549.9602 1.6004
-45.4709 15.5026 132.7646 1.6968
23.6814 33.2490 -197.2818 1.6580
40.3077 -45.6672 98.9722 1.7410
-20.1332 3.4302 95.4484 1.7634
-7.3410 29.4638 223.8171 1.7009
-22.2970 30.1860 50.6003 1.6929
37.1747 39.1626 -41.5931 1.6150
48.4861 -9.6865 -249.7327 1.6376
-11.5325 25.6372 -199.4446 1.6961
-25.6967 29.6111 220.1937 1.7840
-34.4577 -48.4663 185.4031 1.6081
39.2348 -4.0873 104.8271 1.6163
-10.5284 -48.4276 173.2378 1.6483
-22.3788 -5.5309 155.8831 1.7416
48.4231 2.7224 394.6786 1.7216
4.8878 -48.4100 12.5574 1.6179
-36.2682 -1.3850 -277.5774 1.7917
-36.2837 -8.4470 249.9942 1.7729
-20.3393 39.4694 -68.8964 1.6326
-45.4910 21.6172 -295.2251 1.6946
33.3974 5.9311 178.0989 1.7508
23.6290 39.1217 310.2482 1.7549
-48.4847 10.8397 -142.9891 1.6008
-18.0908 24.9070 227.0822 1.7151
12.2678 -32.9930 9.6993 1.7467
19.8397 10.2327 150.4355 1.7481
-45.3688 37.3585 130.7029 1.7839
-48.4711 -41.6785 219.9515 1.6187
14.5743 48.3304 -314.7219 1.7569
42.3551 0.7589 -139.4147 1.7887
48.4058 37.1475 364.9294 1.6197
-17.4543 10.0643 284.9041 1.6544
-21.0910 48.4406 -233.0160 1.6472
-22.3879 -28.8343 281.0375 1.7613
45.6234 1.2185 105.7926 1.6184
-39.4353 -6.5066 111.0844 1.7487
-14.2237 10.4875 276.2393 1.6548
22.2700 45.6146 -280.4225 1.6340
-10.8492 -42.4817 12.4037 1.7869
-10.0989 -26.7977 -287.0989 1.7515
-13.5300 -48.4396 95.4292 1.6187
39.4592 22.4765 -232.6162 1.7956
-42.3443 35.7791 189.4446 1.7684
45.5251 10.2837 -73.1263 1.6677
10.8553 2.7253 109.6438 1.7379
25.1998 -16.3870 134.4395 1.6907
-45.3701 34.1371 38.5312 1.6863
9.2019 23.1085 -175.0688 1.7302
34.6793 48.4253 10.6280 1.6642
-6.0844 23.5665 82.7360 1.7195
48.4200 -40.0557 54.1027 1.6254
48.4373 23.1525 3.1977 1.6156
18.6142 7.0004 -194.3065 1.6750
-45.2286 -21.7795 -78.0102 1.6268
-38.2022 20.8495 -127.6677 1.7313
-23.8923 48.4438 -81.2961 1.6223
2.7762 -29.8254 398.2267 1.7755
-42.8637 -14.7182 -234.8401 1.7159
23.4743 48.4334 155.4302 1.6415
32.2915 -42.4198 -155.2920 1.7330
27.3111 -39.5753 -40.1081 1.7052
-7.4142 -15.4446 68.1861 1.6618
-29.3059 -42.6019 136.3302 1.7880
48.3600 -21.7281 -102.2545 1.7530
17.0735 -25.7251 -201.9749 1.6238
27.8356 16.0837 270.8872 1.6070
25.9175 -23.1693 -17.7477 1.7024
-34.8954 21.5131 -400.4756 1.6792
16.7632 33.2292 62.7989 1.6417
-25.8114 -5.2753 -129.4229 1.6899
16.4594 -15.6858 390.5273 1.6314
15.5606 -45.5505 222.2867 1.6610
20.2348 -48.4078 -284.0800 1.6861
-1.0967 -42.8343 -210.1341 1.6005
-18.2248 -37.3148 -62.9026 1.7293
-14.3860 1.6257 129.9363 1.6246
-39.8984 -28.4058 -25.6345 1.6918
-28.6957 -48.4363 -60.9550 1.6162
6.4544 -45.5379 292.5300 1.7554
-42.5444 17.0829 220.5208 1.7566
-21.6516 15.3072 23.6815 1.7363
12.0586 -8.0859 161.0135 1.7814
-29.6455 6.5182 -139.6746 1.7728
-7.6310 11.7176 58.7256 1.6119
-10.4399 28.6247 -84.3712 1.6088
9.2009 -31.6523 351.4059 1.7048
-40.3523 10.9754 109.1681 1.6348
20.1563 -26.9460 -32.0377 1.7849
0.4162 -32.2395 241.1126 1.6213
8.9127 14.2833 -368.5371 1.6770
-45.4605 40.6148 -287.0028 1.7186
-32.8672 -22.9872 -132.3932 1.7271
39.4640 15.8719 -144.8581 1.7394
-5.8823 -39.7237 -165.9765 1.7073
-2.9168 48.3889 247.2919 1.6807
-39.3421 14.1255 -305.4341 1.7639
33.4267 2.5180 -142.6013 1.7149
12.1344 -42.2398 -236.2140 1.7837
48.4908 25.9171 -331.5945 1.6437
-12.1351 7.8506 74.2036 1.7572
22.0516 16.6503 -163.3242 1.6742
-43.0319 -47.9576 -72.3986 1.6758
-13.9572 33.7406 -431.0643 1.6189
-36.5311 5.5066 -31.8202 1.7610
-16.5780 -48.4454 -59.0637 1.6768
2.4901 21.8818 -385.9913 1.7488
13.9820 -24.0554 -169.8290 1.7862
-6.6815 32.8289 -102.2739 1.7692
-24.2838 -45.5260 261.8918 1.7657
24.7161 24.3925 65.2288 1.7423
17.1622 -48.3786 -206.8459 1.7264
-2.2231 -22.5373 -125.1829 1.7026
15.8400 24.2510 196.9916 1.7243
33.6852 -14.0879 297.1864 1.6999
48.3286 40.0689 230.2374 1.7151
-27.4439 -45.5409 153.2525 1.7337
-24.3700 -8.1351 -56.5953 1.6053
-18.2898 15.7202 113.4400 1.7506
-12.0067 48.3086 49.2255 1.7193
-42.5287 -30.1957 -280.5193 1.6272
-2.4816 0.8075 -144.3462 1.6282
22.8811 -21.7978 -19.1144 1.6386
-38.8463 42.0617 170.9985 1.7549
-35.8397 18.2925 -39.1799 1.7682
-23.9506 33.1542 -300.0101 1.7464
-29.0380 20.1021 -438.3470 1.6362
14.8453 -30.8214 -153.0639 1.7327
23.9046 -32.8702 -25.8653 1.6620
18.0292 -7.5521 205.4147 1.6205
-37.8353 -38.9577 239.0890 1.7771
-48.5404 -16.9191 20.5659 1.6198
39.3462 12.5582 -170.9480 1.6953
25.0693 17.7113 200.0471 1.6534
5.6683 31.2176 41.2187 1.6393
-42.3716 -4.7383 158.4654 1.6569
20.3365 27.8260 64.7216 1.7309
-45.4220 -6.3332 191.6459 1.7888
37.6910 -21.4435 -291.7252 1.6438
-14.4514 -33.2892 -96.4989 1.7008
8.1766 28.9868 -121.3638 1.7551
15.0436 42.2644 49.5131 1.7866
-30.3929 33.7888 146.0123 1.6278
-45.5340 -0.0221 190.5990 1.6583
-7.4430 -48.3969 54.9351 1.7116
-42.6308 13.5942 93.6366 1.7283
36.4649 20.7859 -182.6400 1.7741
-48.4561 -29.4658 160.7718 1.6459
-40.9640 48.3448 96.9846 1.7342
20.9682 19.7981 84.8748 1.7252
5.3743 -6.8809 -142.8756 1.7659
24.8065 -13.0660 495.2810 1.7620
-28.5868 42.3849 104.0025 1.7540
48.4340 -12.6310 152.3015 1.6051
28.9619 -42.5531 -338.8669 1.7175
13.9015 -39.2637 -52.4304 1.7229
30.8293 -45.4462 415.7712 1.7521
-8.9648 -0.6063 97.7190 1.7543
-5.6289 -0.0141 -42.5941 1.6562
-42.8785 -41.6136 -393.0062 1.6147
-1.2681 -35.0887 -94.0380 1.7754
-26.6722 48.4259 130.7404 1.6339
-13.7067 -13.6287 -1.3946 1.6352
-29.9568 -5.8454 -95.8410 1.6713
-18.7971 6.6877 -129.7025 1.6880
7.7414 11.1839 85.4299 1.6751
5.6240 13.7691 -148.8145 1.7289
45.5515 19.3662 157.1963 1.6195
48.4038 46.0643 -314.9072 1.6645
-45.1510 -18.6301 -59.8903 1.7733
25.4632 45.3075 -232.1971 1.7209
48.7336 -46.0349 123.1049 1.6202
-29.5508 -34.2324 -21.3082 1.7605
-33.6678 -10.8146 96.2251 1.7493
45.4885 -23.3368 50.2810 1.6791
14.1119 -17.8295 -105.6256 1.6727
37.5320 48.3845 182.5620 1.6782
27.7312 -45.6409 399.3186 1.6538
-19.9707 -31.2051 -24.1181 1.7193
43.1258 48.4889 -323.2589 1.6130
-32.0211 42.4263 304.0096 1.7797
12.7173 -11.4505 -256.8576 1.6858
-48.3369 -26.3387 54.8240 1.7756
-17.5353 -21.4211 -139.2909 1.7343
2.2190 -17.7804 -4.5532 1.6915
45.4520 -26.4140 28.9711 1.6937
45.5716 -32.6343 -163.3956 1.6579
-30.4703 3.3184 -72.1756 1.6443
-1.8174 -13.7918 -22.2240 1.6486
30.7379 24.1994 -240.1635 1.7147
31.5938 -22.5757 -309.9097 1.6596
-8.6149 -21.0148 69.3066 1.6246
-22.4848 21.2098 -199.8660 1.7493
-0.3992 -1.7152 70.0704 1.6954
-48.5456 45.2834 -100.0660 1.6965
-24.0117 -23.2305 24.9588 1.6379
-3.6820 39.2607 280.7446 1.7711
36.5255 27.5030 -47.6486 1.6261
21.7359 -45.6363 -25.5024 1.6580
-16.2445 13.0766 -63.4033 1.6363
-32.1975 48.5247 27.0965 1.5999
1.0392 -23.4191 -43.9730 1.7795
36.4942 17.4444 41.3251 1.6571
-48.5357 -48.0781 69.9918 1.7611
45.1516 -7.8749 70.1679 1.7295
-3.7673 -7.1418 58.1593 1.7369
48.4293 -18.6494 -37.9676 1.6345
-48.4993 -13.9121 235.0540 1.6083
42.3825 24.1899 -199.0647 1.7913
42.2909 -18.9682 248.0757 1.7544
2.0534 -26.5941 -78.3514 1.6220
-17.1514 18.9612 156.1797 1.7716
-4.2176 -16.2692 -115.2121 1.6408
38.5741 45.2495 5.7110 1.7982
-42.3515 1.9994 24.6238 1.7066
8.4844 -28.3285 67.2738 1.7330
46.0896 -45.0847 194.3725 1.6925
6.5795 39.7343 332.1168 1.7651
42.5578 -12.4496 123.0602 1.7778
5.4526 5.0928 -42.4662 1.7418
11.0743 -16.9353 -87.0806 1.6804
-16.7607 45.4364 536.7465 1.6381
-28.7698 -30.8580 -48.1364 1.7670
41.9372 -48.5129 -124.2027 1.6303
-15.0677 48.3038 73.1932 1.7341
-6.7226 -3.1001 -99.3392 1.6641
-42.7330 -35.6031 165.9178 1.6688
48.3835 -27.9985 180.7407 1.7059
