5.3632 -5.4031 -115.9573 1.6282
-7.5433 7.1706 24.9357 1.6923
10.1708 -3.0165 327.6727 1.6296
-5.6532 -8.7606 -341.0109 1.6051
0.0871 7.4650 -108.2908 1.5299
-1.3719 -1.4796 26.1653 1.6705
7.3783 -0.0961 -81.8730 1.5825
6.3515 8.2722 -279.5076 1.6702
1.6523 -1.4518 164.7768 1.6621
3.8287 9.7901 50.1491 1.5591
-8.0154 -6.7954 175.4652 1.5979
-9.5601 -4.2427 170.5695 1.5580
3.0845 -7.1027 44.4368 1.5307
-2.8680 -10.0045 -134.3059 1.6807
-2.7369 7.1263 142.6169 1.5813
-10.2316 1.8723 135.2502 1.6862
-2.2557 10.1738 -54.0793 1.6590
-5.5160 -5.6093 -275.2797 1.5242
0.8661 10.3823 -219.7218 1.6929
4.4231 -2.5763 110.8955 1.6561
-5.0857 5.3234 -32.4781 1.6459
2.0572 -4.4750 -41.7297 1.5510
5.7467 5.4225 1.8928 1.5299
-5.1374 9.0525 38.4677 1.6633
-9.4155 4.8278 61.1907 1.5419
-0.8574 -4.5540 85.9993 1.5826
1.2636 1.4800 -348.8573 1.5284
-4.4577 2.4319 -128.8502 1.5461
4.3191 0.3536 -159.4435 1.5695
7.3823 -3.0921 -68.8229 1.6073
-1.6943 1.3808 -59.2211 1.5609
0.1558 -10.3877 21.6026 1.6702
6.8425 2.7829 203.2437 1.5616
3.6432 3.3138 52.8574 1.7022
-3.6748 -3.4692 -86.9255 1.6299
3.2065 6.7952 143.8650 1.6073
8.5935 6.0181 62.1508 1.6011
6.0808 -8.4112 189.7072 1.6970
-6.7653 -2.8720 71.4033 1.6132
8.3861 -6.2161 -239.6181 1.6567
-2.9056 -6.7404 9.6037 1.6078
-2.2951 4.2832 161.0424 1.5729
-7.2549 3.1651 278.3472 1.5825
10.4377 0.0042 -220.0723 1.6807
-4.4217 -0.5076 -156.3381 1.6970
-10.3595 -1.2918 -64.7769 1.6567
3.2236 -9.9992 48.9763 1.6640
0.7378 4.6138 14.0556 1.6862
-7.4883 0.1582 113.9189 1.6857
9.8424 3.1183 274.7067 1.6923
0.1330 -7.3190 113.8295 1.6076
