-35.6150 -32.8511 -36.5147 1.5737
-18.9442 -24.2683 23.3062 1.4845
-16.6151 15.6834 -19.1561 1.5622
46.2036 2.5096 146.7291 1.5653
31.6652 36.7026 -179.9833 1.5879
5.7718 9.1835 108.5365 1.4451
-32.7915 -3.2668 48.8148 1.4727
23.7692 19.3028 132.1924 1.5593
17.7454 -18.3822 404.2755 1.4612
-28.0992 -5.1025 -64.0693 1.5164
3.5807 10.9740 126.3808 1.5011
-41.6634 -4.4523 -72.3572 1.5314
-13.4731 -11.1770 279.6009 1.4786
41.6741 24.7696 -117.0232 1.5083
7.0231 -13.3110 -74.5675 1.5961
40.7496 3.8016 -251.6207 1.5889
-18.0102 -29.1901 163.5060 1.5328
-8.5429 -24.3610 -75.4433 1.5491
13.1366 -33.4002 -104.8062 1.4339
-42.6148 -23.2350 113.9953 1.5270
12.8826 -9.5256 67.8822 1.4089
-8.9135 -42.3600 -6.1437 1.4542
38.9586 -8.7869 -249.1846 1.4331
42.9592 -4.8290 -307.2182 1.5665
-23.4673 36.4372 -1.5217 1.4370
17.6201 2.5303 150.4787 1.4858
23.6299 -30.3806 254.8179 1.4316
-25.7866 31.1936 51.8938 1.4274
11.1675 -24.7004 -240.4642 1.6054
0.4630 3.9286 38.1449 1.4493
-24.8742 20.6621 -21.7725 1.5082
-12.7465 -2.5761 45.4801 1.5734
19.1282 -24.0362 242.4306 1.5281
-31.2760 -21.5587 43.6621 1.4648
-3.1037 -9.4982 400.0592 1.5331
11.2435 -38.9966 91.8636 1.5105
-6.3178 -16.7476 -9.1296 1.5043
0.8433 35.5556 301.4403 1.6002
-38.6071 9.0362 33.2810 1.4641
10.9212 28.1185 -127.5732 1.5599
8.5166 -23.2747 171.2336 1.5110
37.0076 -10.9886 82.6815 1.5596
27.3226 15.7360 -158.3193 1.4857
33.6031 -17.6577 -95.9005 1.5839
-14.5848 -43.6349 232.1550 1.4623
7.2566 31.7357 162.7586 1.4761
9.7154 -14.8051 -59.7303 1.5672
31.6393 19.8276 85.1678 1.5894
29.8014 -13.9111 228.3160 1.4196
-38.5706 11.9432 -129.9649 1.5955
-28.9113 0.0414 126.2284 1.5108
-32.5167 24.4475 -138.1647 1.4228
-10.9255 -47.4113 16.4974 1.4441
-4.6957 26.0103 -276.3960 1.5383
13.8076 -4.4152 8.5710 1.5837
-7.9525 37.4629 118.3193 1.4754
-19.1710 -44.6772 356.1297 1.4185
18.9608 18.0279 1.1357 1.4096
-31.8222 -0.5211 -30.3433 1.4972
32.7440 24.8167 -137.3759 1.4182
-35.4065 14.6759 404.5652 1.4533
20.1114 22.9510 -154.7142 1.5997
4.9658 40.1998 -5.6521 1.5861
-27.8161 25.9422 213.5532 1.5758
29.0787 -0.7180 -53.7118 1.4589
5.5692 3.5342 9.3451 1.5136
17.8605 -36.7210 62.9145 1.4807
-29.2229 -15.7134 43.4590 1.5577
23.0007 22.1456 -50.9627 1.5081
30.4453 4.1722 24.3069 1.5392
26.4556 -31.0295 135.1055 1.5119
33.1475 3.3227 552.8738 1.4135
8.2762 7.7220 -41.3989 1.4931
-38.2890 24.9304 -149.2971 1.5920
-19.8630 -34.9150 159.2492 1.5918
23.2885 0.8890 19.0862 1.5498
-42.5717 16.8856 64.9147 1.4625
-5.2491 18.3194 -190.6407 1.5533
25.0765 24.1841 20.4450 1.5336
-2.8463 -6.4987 248.8986 1.4764
19.4356 25.8871 51.9611 1.5432
37.4555 -22.0967 86.4598 1.4388
-0.3384 -33.2858 -37.6912 1.4936
34.6882 26.8830 51.5137 1.5816
35.2300 -20.2524 -215.0788 1.5715
-11.1573 -13.0748 -257.2216 1.4717
34.5119 19.2264 -106.7764 1.4514
0.7112 -38.2184 29.3415 1.5843
18.6909 28.7172 210.2532 1.4757
29.5634 7.0025 194.2286 1.5430
-43.6837 14.0194 213.7192 1.5969
10.2648 -20.9112 81.8857 1.5233
-28.9887 -38.9319 271.6850 1.5371
33.1641 14.1940 -178.3195 1.5774
1.2112 15.6714 165.4814 1.4935
21.2245 43.5984 105.9432 1.5904
25.8525 21.3334 263.0465 1.4853
-6.6113 14.9914 76.5567 1.5686
-16.7393 45.5259 -221.0542 1.5425
33.5732 -27.4989 -51.6674 1.5878
10.3994 0.2642 57.1479 1.5021
-13.2358 38.6414 -117.3312 1.4488
19.8788 -26.9063 178.5495 1.5957
-32.1620 -16.2780 -37.3712 1.5896
-13.0378 28.2468 57.1562 1.4351
-2.7723 43.6432 120.7952 1.5818
18.4053 44.8563 -42.1931 1.5338
22.7819 -17.1703 197.7296 1.4920
-41.5969 9.1676 35.3758 1.5295
-8.7765 -18.2780 -323.4832 1.4618
-1.1491 -22.9696 106.9022 1.5628
28.1131 -39.6315 256.6046 1.4671
3.4059 -23.5845 -239.8600 1.4950
-14.0195 46.5104 -54.6084 1.4508
13.3659 19.6101 -268.2555 1.4431
23.2518 -42.6455 298.4787 1.4609
22.9348 -6.7384 175.3871 1.5169
37.3317 7.6490 25.6627 1.4889
35.9055 13.3043 146.8692 1.4395
-26.2858 -15.1652 -25.6770 1.5870
-28.4710 35.8986 392.9549 1.4263
12.5170 -44.1294 106.2892 1.4308
-42.8808 -15.9030 -167.6262 1.5047
28.4229 -8.3321 -2.7376 1.5577
21.2385 37.8708 -9.3536 1.6026
31.3026 -9.1848 285.3152 1.5926
2.5734 -32.6021 -263.0440 1.5425
1.5569 -18.5918 -48.8321 1.4823
-6.0570 -42.1841 -387.1768 1.5556
4.4342 -34.8695 -16.5614 1.4793
43.8180 13.8679 290.0190 1.4644
-6.8194 -29.1021 95.6189 1.4521
22.0539 -3.9941 -96.2005 1.5225
24.0413 -22.9135 44.6542 1.4545
-32.6149 19.8225 183.0134 1.4361
-8.1960 -9.0105 36.5444 1.5520
-15.1489 -21.0513 153.1517 1.4307
38.2623 -14.1322 90.3949 1.5643
36.5620 -0.2223 -57.7635 1.4384
-20.8180 -37.7898 -110.8826 1.5546
36.4574 -25.6648 112.3848 1.4205
-22.6784 -19.8012 -80.9912 1.5956
-23.4736 17.9973 -49.5663 1.4161
-34.6170 5.8975 148.4875 1.5099
23.1016 35.6509 337.7235 1.4409
-4.7163 1.4033 -23.7309 1.4536
-28.0101 32.9828 -170.3776 1.5652
31.0067 12.0475 -66.9987 1.5521
32.5846 -21.7175 -13.1921 1.5369
3.8884 43.0856 -7.8332 1.5991
20.9594 -40.9174 -205.6500 1.5335
-14.7725 43.3489 124.8364 1.5576
20.0624 -16.3356 160.7288 1.4243
11.7535 25.3106 46.2511 1.4326
-1.0112 41.2961 -200.2607 1.5097
-31.1021 -13.3741 22.6528 1.4213
41.2755 -14.1381 39.8103 1.4196
4.3033 -14.4500 284.7546 1.4465
16.8517 5.3417 84.4986 1.4979
-15.9556 37.4896 -121.5338 1.5696
-25.2250 -4.5779 115.1946 1.5203
16.1338 18.7800 14.9985 1.5567
5.1748 29.4347 -76.2144 1.4160
-7.8771 -5.8915 208.2152 1.4372
-28.7288 -28.6686 213.3621 1.6056
3.3327 -26.7092 -49.9545 1.4465
-8.1047 29.5335 218.7699 1.5836
-6.0226 21.1001 -289.9697 1.4307
-2.1753 36.2822 45.7618 1.6052
-11.5536 15.1038 99.1217 1.4164
8.6636 -29.0671 -264.2900 1.5797
20.4119 12.3236 68.5979 1.4201
7.7620 39.4600 -97.1453 1.4064
33.2591 31.6646 -19.6089 1.5902
-11.3096 -25.3530 -134.3718 1.5244
10.6042 9.3784 181.2304 1.4417
18.5462 -39.4091 222.0394 1.4382
31.8269 -1.4580 -198.3161 1.4840
7.4862 -19.6026 170.0109 1.5882
-30.2223 10.0192 93.6427 1.5696
3.1021 5.1640 19.1172 1.4774
-26.6418 40.5917 -317.8710 1.5161
-6.1457 31.8065 121.3761 1.5215
-43.9843 -20.5944 -94.3178 1.4961
32.5779 -14.8049 168.3193 1.5431
-13.7568 30.9855 1.9733 1.4255
17.5642 -45.2617 34.6308 1.5118
42.8638 16.6298 41.4575 1.5571
-10.2665 -4.3123 -69.4527 1.4665
-13.6517 -46.4628 56.2328 1.6041
15.6975 -10.2282 46.1659 1.5210
38.2110 -19.2805 -116.8355 1.5811
-5.1904 -4.6987 136.7816 1.5552
-10.5416 -7.2078 35.9173 1.5314
40.2107 -3.9672 -59.2373 1.4127
-34.6464 -29.9567 -224.9862 1.5552
-4.3487 10.1674 320.7681 1.5723
-33.6992 34.8524 -107.7948 1.5907
-9.7174 24.5001 93.8758 1.5803
23.5097 -20.0548 -286.0335 1.5718
26.1746 -0.0061 222.0992 1.6015
7.5720 -42.3699 -50.2220 1.5544
-34.2409 -21.9327 -177.5007 1.5863
39.9041 -1.0444 -120.8782 1.6023
39.9354 -11.5945 122.1017 1.5390
21.2854 -22.0617 -324.1848 1.5051
-29.0740 -7.8490 139.0414 1.4384
-12.8528 -38.3896 128.8117 1.5716
10.5297 44.6338 -317.5343 1.5834
8.3885 18.1513 265.8480 1.4210
-7.1047 43.3619 145.6721 1.5356
3.5439 48.4521 -58.9389 1.4552
-35.6481 -3.6680 46.0867 1.5315
-12.9869 -15.2871 168.5009 1.4514
-25.7607 -28.0980 167.5114 1.5457
25.6124 -28.2944 -343.3169 1.4690
-2.1504 2.6041 17.1757 1.4714
-33.1176 10.5062 -93.9680 1.4519
13.8848 -30.7334 -174.0398 1.4204
-17.9896 -21.5211 59.3714 1.5322
-8.0296 19.0435 213.5426 1.4503
-39.7319 -6.7679 -156.6609 1.5358
-31.8338 4.9886 -156.0732 1.5078
-20.8550 37.8149 57.7594 1.5999
5.7458 37.2866 508.1452 1.4616
15.2799 10.9422 54.8421 1.5148
-14.9520 5.0073 -327.5257 1.5495
-37.3599 -1.4215 -93.8998 1.4283
28.5464 -29.0161 210.5121 1.4999
38.8777 23.6265 -506.3825 1.5241
-7.2727 0.0194 250.8739 1.5945
-14.0091 -33.4800 -277.1785 1.4958
18.6482 -10.7236 -114.6621 1.4729
15.3439 -43.2886 -164.2789 1.5752
8.8284 -47.6891 -11.6583 1.4925
36.3336 -28.4065 -56.9072 1.4063
-11.7207 12.2973 82.0517 1.4746
-35.3375 24.6839 -114.0210 1.5253
15.1681 -35.5595 -171.4736 1.5723
3.6953 16.9080 282.8995 1.4524
32.3185 -32.5475 -79.2527 1.5407
-6.1733 -22.7259 31.1934 1.5022
35.8808 24.1377 63.3073 1.5020
-32.9117 -11.0945 -107.1358 1.4666
32.4637 -24.6768 -65.5262 1.5480
-4.9366 -1.7717 137.7392 1.4421
-11.8291 -20.3894 317.0117 1.5300
-16.2948 31.7959 177.8145 1.4138
-6.6943 12.0031 193.7846 1.4884
9.7143 -11.8105 -156.3388 1.5448
-25.2828 -12.3237 196.9214 1.5404
25.4419 2.9557 117.1397 1.5331
30.2893 14.8913 -108.7995 1.4750
12.9199 30.2297 -274.9245 1.4425
-20.6713 25.3952 -299.9070 1.5274
4.9894 -5.3290 -225.1376 1.5310
-8.9718 -34.8707 -132.4980 1.5518
9.7601 47.5552 -36.4529 1.4713
12.7580 -15.1337 -100.8410 1.5537
26.5727 18.4946 -173.0860 1.4461
2.1696 -9.8411 -110.5854 1.5898
21.8455 6.6351 240.8767 1.5426
28.0617 -36.7814 -204.9066 1.5362
-8.4715 47.8521 -166.6893 1.4571
-24.5126 -17.4782 158.1606 1.5121
-22.4659 -4.1138 -41.8425 1.4231
-32.7362 -32.1993 173.7400 1.4577
37.3294 18.4890 183.7714 1.5811
4.6926 -42.8866 182.5589 1.5428
-24.7373 -25.3948 -115.4955 1.4244
15.5383 0.6151 -79.5555 1.4279
-3.4390 -45.6879 -62.2153 1.4779
-17.1062 9.7179 45.7047 1.5210
-11.1037 -32.7685 -191.6299 1.5243
-31.7791 -29.2065 3.2847 1.5389
47.9052 -8.0578 62.5380 1.4634
46.4469 -13.7912 -296.3245 1.5608
-2.2784 28.4242 -169.9840 1.4633
6.9071 48.0690 35.0042 1.4715
-41.4157 -12.6396 -180.1064 1.4436
-42.9526 3.5834 302.0559 1.6025
8.2199 -31.8588 54.8578 1.4063
-28.9156 28.8491 -247.4093 1.5711
9.3165 33.7714 -87.2274 1.4719
-31.8998 29.1518 243.7795 1.4433
3.9305 24.5940 -11.0724 1.4929
-10.3923 39.2252 -136.9949 1.5973
3.8880 13.9671 16.0989 1.5894
9.6890 41.6936 5.0997 1.5586
12.6055 22.4022 66.2015 1.5454
-9.2634 45.2136 -292.2733 1.4298
9.8569 -8.8513 -7.4821 1.5428
16.0907 8.1061 -108.6532 1.4824
-28.2344 -12.8517 -302.9008 1.5605
-46.6552 13.0266 365.6221 1.5942
-10.0100 -1.3635 -208.2292 1.5889
-3.9076 23.1212 13.1567 1.5780
-35.3850 -24.6736 -133.2154 1.4463
-3.6541 -21.2987 167.4415 1.5643
-16.0966 34.5338 -201.7840 1.5152
35.1979 -33.4312 -246.1611 1.4651
-39.8174 3.6954 107.6868 1.5866
-5.5168 -7.7048 -344.6018 1.5875
-2.4541 48.3954 -95.9725 1.5804
-7.2080 3.0789 -41.0165 1.5052
12.2147 -36.1220 -156.5074 1.5209
24.4659 -33.0609 85.6333 1.4382
-11.2516 47.2465 -41.4633 1.4604
13.0197 -1.4513 -14.8280 1.5785
33.3299 -7.0541 -246.2022 1.5041
29.2846 28.1980 230.4491 1.4983
-37.0299 -14.4086 -37.1292 1.5754
-48.3726 -4.1372 227.5352 1.5048
-32.9557 13.2823 -672.0883 1.4638
4.5147 -11.6357 -193.2152 1.4417
-29.9155 -2.7650 18.6354 1.5425
10.2537 -33.8450 83.9501 1.5511
12.9276 1.4438 496.9642 1.4334
23.9200 39.1958 -151.6490 1.5262
-19.5635 11.3417 -73.8681 1.5041
9.3324 -36.7229 -396.3438 1.5732
38.5117 29.4547 -54.7884 1.5505
-26.8956 13.9710 -15.7857 1.4413
30.3927 -16.6524 179.4722 1.4500
10.2951 -2.6588 120.2721 1.5053
-15.6090 -7.0751 -368.3083 1.4299
20.1589 33.6899 -243.8842 1.4333
-10.8416 -10.1908 -238.7239 1.4777
-39.4138 -28.2903 -311.8445 1.4706
17.7621 -7.9823 -114.6501 1.5920
40.3464 -21.6846 19.1814 1.5873
13.7929 27.3804 -82.8450 1.5300
1.7690 -43.2452 61.4498 1.5730
-21.8407 20.3241 136.0631 1.5692
10.0725 30.9811 -106.0511 1.5048
-37.7514 30.5097 -228.2008 1.4726
7.9659 1.8418 24.3164 1.4845
15.4765 21.6970 139.7887 1.5374
-21.3490 -8.9652 333.7857 1.5274
-31.4454 37.0296 69.8036 1.4574
-0.0789 -2.1516 145.2770 1.4359
-24.1667 14.6705 -300.9042 1.4201
12.5280 -12.2240 -461.2971 1.4272
-40.2380 -1.7442 147.8251 1.5351
-5.1076 36.9461 212.2242 1.4783
42.8708 -16.4796 66.0521 1.4633
-45.7140 2.3457 -32.9701 1.4719
4.4695 32.1056 18.7713 1.4238
20.9503 20.0450 -105.8768 1.4911
-44.3490 -10.0877 -35.5741 1.5925
-17.4229 24.2005 44.3417 1.5223
-21.8165 43.3982 304.4418 1.4587
-14.3913 10.9306 261.7382 1.5374
37.8975 4.7509 32.9550 1.5580
-21.5832 -40.5918 19.7816 1.5031
-9.1948 13.5710 285.1206 1.4371
45.7994 16.0150 257.9882 1.5822
16.8611 -5.1058 -138.2999 1.5307
6.4542 -37.2868 192.9146 1.5092
3.9189 -20.1568 -136.6933 1.4472
-11.9473 -35.5772 -233.3759 1.5171
-17.6622 42.3520 -108.1682 1.4909
-30.7930 34.1555 -77.6550 1.5716
33.9652 34.6730 25.5497 1.4845
0.7707 -45.9693 236.2067 1.4545
40.0399 17.3957 -83.1060 1.4708
15.8220 29.5465 141.2895 1.5515
6.7674 23.9253 58.7341 1.5333
-34.0148 -13.8499 133.7596 1.6026
-23.4150 -14.6066 -99.3717 1.4733
-14.2454 23.2748 -210.4812 1.5851
-39.7067 17.1595 -105.1279 1.4328
-8.9831 -27.2392 -289.5942 1.4878
27.1061 -2.7554 117.5691 1.4067
-4.5599 7.1528 -49.5177 1.5623
-4.2275 34.0966 -17.0665 1.5605
26.5351 29.0576 145.2242 1.4644
-34.0368 22.1557 -54.1807 1.4286
30.2694 30.9589 -99.9725 1.5787
-3.1163 39.1330 -71.9891 1.5498
24.8281 -25.5964 -147.3039 1.4154
0.0479 19.9388 -257.2665 1.4954
-8.9118 -21.2968 65.8367 1.6029
-12.0017 44.3816 191.6491 1.5472
-10.1519 35.6182 -88.5059 1.4478
-30.0899 21.1073 133.0681 1.5004
-17.3897 6.7593 16.5351 1.5787
35.0951 16.4454 -35.1508 1.4244
-28.7834 15.9892 51.1219 1.4255
-30.7122 -34.2590 -63.4021 1.4822
-45.1769 8.2489 -198.7020 1.4660
0.8251 9.7090 -17.8851 1.5370
4.7739 21.7251 -77.7348 1.5674
40.7783 -6.6983 52.1607 1.4320
-28.5332 -21.0718 576.0088 1.4159
-46.1195 -15.3650 -120.0932 1.4163
41.7656 -9.3355 -41.2427 1.4972
23.4168 -39.2449 -115.5156 1.5618
13.4040 43.9090 -251.2204 1.5440
39.5102 9.6947 55.6006 1.4941
-38.5497 -4.0698 -211.3702 1.4294
-2.9082 20.2406 -9.3660 1.5235
24.3566 27.0565 178.9578 1.5213
-25.1828 3.2246 225.6256 1.5116
-0.5846 -11.1140 19.0649 1.5246
12.6461 -19.2880 -108.5763 1.4780
-35.1150 -16.6615 -136.0178 1.4665
-25.7286 -36.7468 87.2398 1.5834
-1.0398 22.6148 -93.9844 1.5009
14.0599 6.0484 126.1612 1.4396
27.6914 -5.5055 -22.3576 1.5276
-14.2317 -25.7827 188.3853 1.5108
-22.8412 -27.6096 -29.5264 1.5294
-23.8195 -30.4293 -127.0024 1.5249
35.0778 5.3828 -82.3939 1.4523
-9.0716 -15.2549 -178.8579 1.5716
-3.1385 -33.6832 -107.2847 1.4196
-20.9219 40.7347 155.1314 1.4254
-13.8104 17.0237 -183.6254 1.5904
47.9915 7.5000 121.8149 1.4395
15.9026 -32.7041 -272.2515 1.5020
28.4061 -18.6760 2.7837 1.4507
-29.7686 13.1820 -300.7443 1.5710
-9.4759 7.6231 -145.9925 1.4638
32.4036 6.2994 -71.6674 1.4771
1.8547 22.3665 242.6580 1.5813
-26.0179 0.4585 -83.3892 1.4745
-36.9522 22.1923 83.8651 1.5686
-18.5369 30.1023 74.5981 1.5374
31.8915 -12.0211 13.5179 1.4129
42.2732 8.8874 -172.9192 1.4571
-2.0365 5.5071 -21.9285 1.5613
10.5716 38.7925 -164.4575 1.5308
10.5294 20.1916 75.5883 1.5728
1.6190 -35.4166 268.6859 1.4672
5.3510 0.6401 173.8751 1.4498
-38.6646 -20.0933 -30.6786 1.4452
-20.5084 -0.6683 -61.4471 1.5281
0.5105 27.9818 16.9259 1.4276
8.8190 26.0270 86.3175 1.5405
28.6885 20.5539 50.0998 1.5621
-16.8228 12.6546 93.3332 1.5495
-25.0816 9.1846 -26.4730 1.4457
-20.8359 -22.0673 -437.9942 1.4859
-42.5918 23.3019 112.5472 1.4687
-19.8728 8.4397 -22.7385 1.4924
-20.0282 5.5730 391.4404 1.4518
7.6971 45.2396 -437.8303 1.4828
18.4316 -21.1805 -137.0670 1.5122
14.8064 32.2651 -13.9183 1.4366
-18.8404 -16.5379 259.8141 1.5167
-6.9723 8.9551 151.9700 1.4085
-15.1006 -0.8011 83.1468 1.4817
29.1928 -21.4549 -303.9902 1.4820
-26.6145 -40.5980 -57.4279 1.4667
28.7143 36.0347 -218.3920 1.5531
-17.8781 -5.4614 -52.6647 1.4577
-47.4238 10.1297 -193.0119 1.5355
12.6598 46.8100 -7.7407 1.5161
28.1140 12.8730 -122.0893 1.5895
-25.7087 -20.2966 195.0371 1.5428
-6.3185 -13.7649 248.2570 1.5676
7.3604 -7.1424 -8.0550 1.5452
0.5933 6.7685 98.5430 1.4680
-18.2832 39.4659 -110.6605 1.5348
-29.0667 5.6047 271.5125 1.4068
11.2012 35.9189 97.3308 1.5122
-0.3898 -8.1239 290.3759 1.5744
-15.4925 -3.8179 -195.9258 1.5293
-6.9608 -37.1148 193.3883 1.5342
5.6418 18.9135 277.9377 1.5093
-16.0547 -31.3894 331.7940 1.4858
-21.9355 12.9998 35.6857 1.4780
36.1432 -8.0533 74.5539 1.5494
16.8958 34.2610 -235.0905 1.5660
-0.2434 -41.0230 316.3996 1.5412
9.8019 12.7626 -63.7468 1.4362
23.5135 -9.5219 20.0248 1.4122
-19.8685 -3.5337 -63.3425 1.4183
5.5114 -40.0538 78.0084 1.5428
31.1289 -19.2883 -16.3465 1.4431
27.1953 26.2068 184.8814 1.5294
24.0217 8.7059 100.2892 1.5457
-30.9954 -5.5293 348.0919 1.5192
6.1105 -48.2332 -221.4899 1.4058
29.6639 -24.2102 273.9269 1.4068
-24.2323 42.1063 193.6890 1.4667
0.7319 -27.9114 -68.2291 1.4579
-21.8521 -32.6785 12.6395 1.5367
3.8085 34.9383 109.4812 1.5771
-38.0556 -25.4524 -80.7900 1.4418
-14.0530 -18.4615 355.8029 1.4739
4.9371 45.9275 -215.8779 1.5391
15.4821 -20.3158 -72.8508 1.5814
-17.7903 -37.1673 -170.7147 1.5363
3.3828 -48.4697 53.6972 1.4683
-0.0549 38.5128 -136.4737 1.5826
-36.6206 27.4282 -287.6209 1.4429
30.5283 -6.2779 91.4183 1.4370
-48.5110 -1.3169 -141.0709 1.5063
-11.9683 33.2291 -198.3112 1.5714
45.1444 8.2566 22.7225 1.5407
-1.7369 25.5230 -106.4369 1.5865
-29.8540 23.9068 -62.0385 1.4438
-32.5413 -24.2344 71.0266 1.4845
-13.2149 -30.6670 -56.7679 1.5468
-3.8836 -28.6396 127.1419 1.5794
31.7153 9.1119 -127.4237 1.5151
-18.8323 33.1207 -191.6546 1.5534
-5.5222 48.1760 -162.8291 1.5921
5.7311 6.3688 129.3580 1.4522
-24.8551 -33.3010 -272.9018 1.5909
42.0174 -24.2468 49.4568 1.5159
18.1821 10.2463 336.1587 1.5923
5.9152 -22.1529 182.7218 1.5045
-24.1693 -42.0405 -21.6372 1.5161
-27.3253 22.4426 -408.9007 1.5934
21.0905 9.5058 40.5262 1.5655
13.9533 16.6841 -134.8282 1.5684
35.5628 29.7303 -264.3050 1.5245
28.3305 33.1510 -344.4598 1.5371
-18.1643 27.1032 -31.0429 1.6047
11.7025 -46.9991 -146.3209 1.5928
-3.3763 -12.3769 -11.4002 1.4705
6.9155 13.3061 206.8681 1.5805
-45.5871 -3.3653 -126.5513 1.5234
-43.1584 -1.8188 -223.5133 1.5332
17.2296 -15.5515 196.2937 1.5575
-29.0584 38.7880 70.3424 1.5607
-12.4960 3.2894 -29.8893 1.5646
-21.1981 34.8024 -157.6412 1.4582
35.8675 2.5712 -227.3019 1.5265
23.6085 29.8917 -111.4434 1.4997
-35.4295 19.7059 -234.8886 1.4390
12.6961 40.9592 -126.1148 1.5647
2.4253 -3.7278 -124.6858 1.5786
30.1505 -34.6681 171.9411 1.5802
7.6569 21.0125 140.6967 1.5385
15.9968 -40.4091 -162.0284 1.4881
-35.8115 32.6918 188.0036 1.5280
-26.6525 -23.2001 -319.5069 1.5250
-35.9366 -19.4626 55.6660 1.5347
-40.8336 -17.9904 -7.2078 1.5133
-45.9683 15.8389 227.6519 1.4353
24.4258 16.4460 197.4097 1.5214
0.1789 1.1355 27.2538 1.4122
-9.0080 32.5813 60.8183 1.5458
-35.8271 -11.4748 38.1609 1.5092
26.5404 40.5838 111.2083 1.5721
-26.7447 -30.9008 15.6613 1.5086
7.4395 -3.8532 51.8421 1.4281
-1.8741 8.4562 267.7436 1.5036
-34.8803 -8.7251 327.6882 1.5077
21.6806 17.2572 61.9440 1.4153
11.1295 6.4938 -270.4470 1.5685
36.6229 21.3455 -126.3633 1.4825
45.4334 -6.5065 -467.0646 1.5331
27.6938 -15.8935 -150.7725 1.4960
42.0579 0.9832 -353.6147 1.4344
1.7498 -15.7569 5.5982 1.4882
48.2611 -5.2770 -152.6155 1.4550
42.0327 19.4368 145.3170 1.4870
-21.7190 15.8588 110.5234 1.4091
35.3589 -5.0123 -105.5694 1.5491
-8.0617 -47.8229 -356.9504 1.5204
8.3036 4.8010 85.4606 1.5682
-31.3471 -37.0637 -129.8622 1.5222
11.8448 14.6183 41.6036 1.4950
-19.8607 22.5746 -48.0172 1.5011
-8.0413 -31.8840 -165.6699 1.6046
9.6301 -5.4137 -25.0833 1.4174
-31.4562 15.5759 217.5012 1.4205
-0.2597 30.7538 -199.9671 1.5338
-6.7885 23.8700 -25.0802 1.5251
45.6828 -16.5151 66.8716 1.4501
-20.2769 2.2855 -183.6866 1.4496
-23.4612 32.9517 290.0876 1.5317
-1.0067 -16.9569 15.1926 1.5903
43.3880 -21.6359 112.1505 1.5532
19.7132 4.5699 63.2005 1.4982
-23.8106 -22.5934 -222.5562 1.4933
-44.1517 -13.2270 -160.8130 1.5757
18.2782 -42.3405 -51.4407 1.5961
28.3473 2.1329 232.5378 1.5954
32.2724 28.6829 -48.8986 1.5854
14.1336 -25.1933 -84.7821 1.5590
34.1117 -10.2742 74.3523 1.4723
-30.9750 2.2334 2.4551 1.5130
-35.6079 11.8357 52.1477 1.4494
36.6727 10.4506 8.7481 1.5011
7.1158 -16.4955 -14.5416 1.5956
16.9741 -26.1222 68.2031 1.4989
2.3382 -6.7779 -76.2942 1.5825
-27.6392 19.3582 -126.8852 1.5991
40.5971 -26.6917 -60.1467 1.4424
-5.1928 -48.2047 13.9506 1.4972
-17.3032 -42.4513 -214.8908 1.5617
-47.9542 7.2150 -59.4867 1.5589
-40.9948 -25.7986 -138.5132 1.5866
-20.6473 -14.2787 49.7257 1.4571
48.3282 4.5695 59.1104 1.5579
9.7267 23.1742 158.5940 1.5983
43.5567 3.3717 74.2343 1.4720
-39.7256 -23.1081 -48.3973 1.4861
-9.3197 -45.1388 202.5706 1.5178
3.6581 -45.6347 247.9218 1.5165
29.3404 -31.8048 -236.8030 1.5300
19.8194 -34.7571 61.0616 1.4438
-15.2239 26.1383 203.3328 1.5012
1.4241 -21.5067 -110.8727 1.4776
-40.7642 -9.8356 -32.5016 1.5364
-17.8188 -13.7048 -185.3988 1.5889
-1.2136 -36.0199 117.8867 1.4478
-22.2997 10.0949 19.5766 1.5269
5.0704 -2.2492 44.2860 1.5787
-12.4514 -27.9223 58.9103 1.4276
-42.9007 6.5743 120.6278 1.4803
26.7912 7.8431 74.6904 1.4454
-37.6165 -30.5700 71.2838 1.5349
12.4345 11.6835 -11.0224 1.5242
24.1385 -12.3116 -199.4867 1.5409
-27.0216 -2.2600 -167.0138 1.5249
-23.4108 29.7773 -201.3331 1.4174
20.4117 1.7260 46.0125 1.5178
21.6837 -32.5302 -212.3901 1.5183
38.1278 -5.8725 315.7425 1.4541
-4.0550 13.0110 116.4077 1.4094
30.5256 -26.8773 -116.3465 1.4744
-7.8328 -39.8426 56.7417 1.4074
47.1951 -10.8924 -386.7269 1.5904
37.8446 15.4772 -18.4903 1.5259
-24.2799 -9.5232 -112.8460 1.5598
37.6685 26.4719 -316.1704 1.5831
2.4391 -0.7104 -107.5541 1.5923
44.6095 11.1590 -75.0510 1.4402
-41.8299 0.8051 140.5073 1.4952
-27.2186 -10.0640 -21.4441 1.5032
-17.7177 3.7325 20.0906 1.5647
-3.7649 15.7976 -183.9264 1.5334
19.3708 -13.5098 123.5208 1.5988
-19.9200 -27.0031 591.9464 1.4367
-36.8008 3.8267 -16.9709 1.4642
17.4118 13.1267 130.6047 1.5821
12.0825 33.0343 -112.3507 1.4788
-22.9895 1.1252 -125.4544 1.5855
-1.2136 -43.8369 108.9980 1.5551
26.3013 -10.3452 118.6814 1.5008
-27.7682 -33.5699 31.1945 1.4602
-45.5516 5.2968 112.2486 1.5949
2.4985 30.0909 10.7707 1.4301
-29.8331 -31.4849 121.2422 1.5788
-2.2382 -38.7950 146.4785 1.5303
-23.5376 39.3314 83.6349 1.5493
14.0505 35.1841 -166.8103 1.5905
-11.5592 22.0359 -126.6756 1.4424
-30.0836 -10.6097 406.0777 1.4621
36.0312 32.6087 9.2606 1.4390
-28.6208 -36.1575 -155.1516 1.4462
-16.5587 -45.6201 -18.8343 1.5308
22.4262 14.3140 -126.6423 1.4409
-41.5099 12.0076 -223.2623 1.4310
2.8247 19.5544 -304.3995 1.4511
-6.3377 -45.2647 82.4432 1.5950
44.8053 18.8165 -101.8155 1.4084
-32.9896 31.9938 255.7600 1.4378
4.7614 -8.3868 126.3834 1.4296
38.6440 1.7099 79.1037 1.4980
1.8615 -12.8532 -87.9672 1.5353
48.4933 0.6451 -205.6427 1.5887
9.0802 15.4304 -284.8192 1.4258
-37.9584 -17.2753 207.1579 1.5285
-19.3686 44.5831 -188.4932 1.4197
-7.0656 34.7598 -13.5754 1.4844
-16.9592 -18.8197 -91.3753 1.5049
-48.4941 1.5124 156.2635 1.4929
0.9026 43.4527 189.5329 1.4643
26.0268 10.7756 -221.0640 1.4544
2.8893 2.2563 -75.3176 1.5881
18.0259 31.5591 99.5524 1.5188
8.4733 36.7427 128.8089 1.4438
-10.9121 -40.5172 55.4233 1.4126
-17.0742 -26.3904 102.0955 1.4920
-37.8387 -9.1864 -404.1829 1.5684
13.1997 -41.1739 159.4567 1.5563
13.2974 8.7734 116.6273 1.4769
-12.2444 6.3885 -55.7903 1.6052
-16.1065 -23.6647 133.8120 1.4127
-33.8031 -27.0520 -95.8079 1.5103
-44.9577 18.3629 -232.4257 1.4458
7.2940 -34.4759 45.2998 1.5380
30.7974 22.7263 -111.8661 1.5456
39.4704 20.7392 93.0570 1.4711
14.6632 -46.2168 -33.2141 1.5835
-19.3037 14.2567 93.2834 1.5350
22.8877 32.8425 -65.9690 1.4739
-14.7379 8.0152 167.5024 1.4157
-26.1763 37.7092 160.1695 1.5590
-18.2654 -8.3656 37.8552 1.5663
1.1546 12.6853 -63.0550 1.5454
-22.7596 23.1888 -64.6289 1.5420
38.7139 12.5809 293.1875 1.5865
-40.1261 6.6284 -152.1613 1.4682
-14.9136 -36.2988 -37.3043 1.5561
31.1613 33.7942 35.4246 1.4652
-22.8699 -35.6198 174.6116 1.5675
-4.6251 4.2134 -66.3935 1.4434
18.9433 7.3684 210.5065 1.5238
-25.2859 24.4915 168.7009 1.4163
24.9088 -15.1146 69.7667 1.4259
18.2207 20.7360 -202.6579 1.4371
18.9376 36.2036 62.6865 1.4544
-18.5247 36.0609 -29.1520 1.4329
16.1107 42.9208 -198.6615 1.5234
32.5600 -4.2787 188.2700 1.4172
45.6370 -3.4691 316.1598 1.5835
-9.8688 1.6911 125.7322 1.5947
0.4912 -30.6246 -351.3725 1.4168
-3.2163 31.2379 152.8167 1.5907
16.6273 26.6732 113.9330 1.4994
-20.5869 -6.2248 -135.0659 1.4570
-40.0088 -15.1377 -27.7142 1.5230
-21.1318 31.3192 32.3677 1.4394
-5.8316 -10.7948 141.8457 1.5225
22.8177 -27.6186 211.3136 1.5009
-1.8233 -26.4127 142.7846 1.5687
18.7441 -32.0120 27.9872 1.5908
34.5419 8.3246 -99.1254 1.5109
24.7241 5.8074 251.9481 1.5221
26.8774 -23.4537 -79.2482 1.5515
-33.8438 -5.9895 342.7240 1.4507
-27.7150 -25.8976 153.8295 1.4585
-48.0094 -6.9703 -168.6007 1.5323
-4.8292 41.4855 5.9967 1.5133
-36.2652 1.1121 6.6579 1.4089
-2.2172 -48.3741 220.6792 1.5919
44.6513 -19.0663 68.5897 1.4751
46.7372 13.2114 -75.7214 1.4468
-19.3403 -11.1493 -213.3142 1.5101
10.4045 -41.8458 5.5683 1.4858
-5.0925 -39.3667 -92.1270 1.4671
7.9668 28.8913 78.3356 1.5416
-14.1503 13.9772 39.4500 1.5346
23.1777 11.5556 -230.2773 1.4943
-8.7911 21.7261 172.8373 1.4594
-16.5282 21.3835 -283.1040 1.5463
1.1639 25.2522 154.1636 1.4722
-23.3577 -6.7963 -359.3850 1.4485
36.5143 -16.7119 28.1440 1.5575
22.1708 -14.4005 -157.9092 1.4572
33.8691 11.2158 -76.0203 1.5423
-8.5689 -11.8932 93.8742 1.4089
14.8367 -7.3292 127.6425 1.5746
-35.5727 8.8091 248.4823 1.5761
-1.2462 17.3051 -115.0635 1.5258
-9.2273 10.6843 113.2209 1.4699
-15.4313 40.4496 263.2463 1.5392
18.4421 39.0634 -48.1084 1.5110
-0.2836 -5.0885 -0.7397 1.5752
-18.9621 19.8835 28.1580 1.4557
5.7808 -28.1522 -116.9622 1.4569
30.0415 25.4737 -57.6731 1.4203
-3.1763 -41.6074 171.9576 1.5085
-10.9994 18.8092 104.9483 1.5836
-41.3279 19.5808 183.6045 1.5279
-45.0611 -17.9460 -302.6277 1.5118
-3.6554 -15.3351 -251.5509 1.5699
-25.3838 6.2358 388.0338 1.5974
-4.0800 -36.4918 -153.1020 1.5530
-38.4198 19.6768 335.0583 1.4744
24.9382 -4.5889 -36.7680 1.4776
21.4218 -11.4100 27.1644 1.4144
-16.3917 18.5338 49.6887 1.4104
-2.2430 -31.0902 386.4117 1.4066
-32.3037 7.8092 79.4034 1.5031
41.7382 -19.0701 -173.5918 1.4642
37.1661 -31.1844 201.2348 1.5473
14.8151 -17.3185 26.6696 1.5696
18.8068 41.8936 293.2050 1.5071
4.2014 -17.3281 21.7499 1.4991
-30.7336 26.5668 -44.1872 1.4213
-1.2856 33.4532 -240.9963 1.4438
25.7110 -41.1601 -207.4084 1.5023
-27.3783 11.1052 180.8050 1.5903
32.3161 16.9713 242.8752 1.4143
-3.7803 -24.2606 6.1703 1.4225
-15.1928 -28.5567 193.4883 1.4546
-1.0130 -19.9443 100.8137 1.5479
-24.0500 -1.7522 438.4934 1.5279
-15.0068 -13.3623 28.0960 1.4242
20.8001 -37.6118 -314.1341 1.5979
-44.2750 10.9927 381.2716 1.5791
16.7908 15.9820 34.6638 1.4388
1.9468 40.7574 -253.4764 1.5008
25.8775 34.8566 157.6044 1.5571
25.7001 31.8645 249.7082 1.5611
27.4960 5.0183 -124.9429 1.4070
-13.1060 -23.0559 194.0163 1.5213
-28.0916 2.9118 -49.5736 1.5529
3.2079 -29.6374 224.6189 1.5544
21.0771 -1.1944 91.8814 1.5901
13.4292 38.1188 228.5016 1.4249
-30.0876 -18.6388 -176.2134 1.5631
11.5963 -27.8042 -162.7182 1.5949
-29.4923 -23.7202 282.0693 1.4259
15.5665 40.0392 245.4573 1.4606
-18.7776 -39.9001 -229.5609 1.4535
20.5920 -19.1735 298.5528 1.5676
2.6345 -40.4219 71.8205 1.4246
-22.2894 -11.8255 83.4754 1.5550
42.9714 6.1479 213.7807 1.4611
6.8567 42.4868 -321.5391 1.4403
13.0519 -22.2339 101.8369 1.5932
28.8502 9.9149 -401.7587 1.5578
6.6791 34.5895 87.0927 1.4250
7.1120 -10.1919 -181.6292 1.6018
33.0475 -35.4868 210.9291 1.5747
22.2806 25.0236 -18.9800 1.4739
47.3753 10.3569 131.3335 1.5441
14.5710 24.5557 47.0331 1.4969
14.1078 -38.3142 143.9072 1.4925
-20.9125 -29.8244 -117.4604 1.5364
-21.6984 -16.9461 26.4496 1.4704
25.5965 -17.8911 141.7026 1.5257
18.8442 -3.0416 -18.4003 1.4316
-37.3729 6.5245 -8.4326 1.4219
5.3974 -31.7934 -151.0105 1.4812
-12.4800 0.3449 -68.9208 1.4330
-23.3584 26.6360 -62.0915 1.5376
33.8274 0.5523 -36.6197 1.4285
-15.8296 -16.1000 438.8613 1.5818
20.7097 -8.6536 -102.7481 1.5221
-43.8971 20.8803 178.3733 1.4478
-5.1894 28.9102 -39.1558 1.5393
-22.4815 4.1849 -79.5574 1.5114
-10.3209 27.4333 179.3138 1.4681
41.6895 11.8010 215.9478 1.5943
-1.6161 11.4321 -110.9841 1.5593
-37.0531 -22.3899 -287.4562 1.4300
-17.8733 0.8563 224.7051 1.4133
-33.7334 27.0601 -73.2089 1.5086
-19.2325 17.1425 -319.4466 1.4855
-5.0660 45.3606 15.1996 1.4479
-46.9250 -12.6760 -126.4921 1.4961
-13.6639 -41.0912 259.7712 1.4376
3.2250 27.3783 122.6028 1.4673
-39.4366 28.2391 -250.6701 1.4924
40.3711 27.2108 -182.7530 1.4067
15.6026 45.9182 -91.5892 1.5356
34.9758 -23.2962 203.6589 1.4309
8.0906 10.6119 29.4899 1.4980
24.0097 -1.9377 -138.5206 1.4225
37.5216 -2.9606 371.8061 1.5617
11.0424 -30.9315 95.7780 1.5628
-25.7572 34.7899 53.5052 1.5426
9.5548 -44.7324 57.4101 1.5877
45.5594 -0.4417 -146.2529 1.5791
-34.5857 -1.0174 9.2949 1.4182
31.1819 1.3228 -88.8989 1.4151
-33.5215 -35.0501 251.3755 1.5110
26.3500 37.6867 206.0868 1.4410
-33.8439 17.1698 -13.0965 1.5912
0.6558 -48.6599 239.1027 1.4275
-9.1344 16.4655 -250.8544 1.4832
-20.9407 28.3865 -262.9469 1.5249
-7.5596 40.3752 -54.7931 1.5333
5.8223 -25.1865 -123.9727 1.5457
29.0317 38.9250 -238.1701 1.5135
-17.7123 -1.9093 262.7418 1.4869
-11.8679 9.3782 -222.8690 1.5701
-38.6899 -11.9887 -200.7979 1.5212
-36.7448 -6.4003 -194.4540 1.5899
-15.9204 -39.4443 -302.0353 1.4500
2.9153 37.9052 94.3087 1.5635
27.9202 23.3823 -150.6956 1.4805
-36.8448 17.2405 -90.8303 1.4820
-11.4092 -17.5273 -293.4989 1.4251
-13.0625 -5.5777 -14.5460 1.5672
-22.4751 7.1487 -11.2217 1.4831
31.4413 -29.6894 -316.4667 1.5551
17.6830 -29.0918 -256.5166 1.5925
-33.9503 2.8256 -51.6343 1.5755
-21.8567 -24.8224 156.4191 1.5719
-34.8621 29.7962 18.7214 1.5485
42.8759 -1.8196 -240.3170 1.5327
16.2092 37.2150 -168.3417 1.5088
-16.9198 -34.1777 257.9450 1.5305
10.9967 3.5146 203.7982 1.5061
11.9917 -6.8166 182.8319 1.5214
48.4357 -2.3513 240.2552 1.5400
1.7519 32.7804 -33.7704 1.4115
-33.0145 -19.1866 80.0433 1.5568
25.1752 -36.8371 48.5046 1.5256
-24.0344 -39.1371 -282.4698 1.4334
22.0255 -24.8672 -150.5798 1.4344
18.2658 -0.2648 -43.6806 1.4448
-9.8748 -37.7836 118.6954 1.5611
-6.2324 -19.7167 14.2311 1.5745
16.0006 -2.2447 -272.6455 1.5527
6.3702 16.1615 -449.6916 1.4424
-27.8096 8.1309 -169.6631 1.5390
-7.5533 -2.9780 -118.1455 1.4682
-36.5817 -27.8260 74.3033 1.4267
19.6348 15.1812 274.8448 1.5833
-38.1540 14.8049 138.9998 1.4261
-45.2253 -6.2588 -216.2850 1.5016
26.4255 -20.6363 75.6370 1.4597
-30.3822 18.2007 142.9731 1.4456
8.4218 -39.5502 106.2547 1.4632
-13.4312 35.8003 120.0348 1.5371
15.2710 -13.2323 171.4073 1.5950
-12.6060 41.3745 -264.4362 1.4500
8.5890 -26.1757 -62.3819 1.5070
25.2252 13.6266 -92.6434 1.5613
10.0427 -17.8462 75.3648 1.5929
-41.2584 -20.7650 231.2376 1.4340
6.5626 -45.3160 154.8477 1.4645
44.6534 -9.3611 23.5587 1.5178
-15.7883 28.9823 155.8011 1.5345
40.1371 6.8023 -165.2628 1.5803
11.1013 17.3722 139.9548 1.4522
14.7843 -28.0857 15.0441 1.5404
3.2268 8.0218 32.9527 1.5315
-0.7912 45.8719 -71.7256 1.5721
-47.4222 -9.8267 440.8197 1.5682
-30.6642 -26.3770 128.7004 1.5603
-40.8626 14.6452 36.0523 1.4113
-18.9208 -32.0299 -328.4015 1.5237
23.9466 42.1756 -89.8503 1.5291
-9.7479 4.6766 343.8310 1.5584
39.9227 -16.7093 182.6071 1.5605
-45.7350 -0.4471 -148.4267 1.4625
-30.3067 31.3570 -287.2399 1.4210
-41.1111 25.7731 10.8521 1.5816
14.8454 3.3618 128.8243 1.4402
5.9760 26.7470 -10.8473 1.4414
30.8552 -37.5534 -120.5535 1.4776
-15.2430 2.0626 -132.2163 1.4942
-48.3622 4.3457 -24.4670 1.4814
0.9349 -25.0724 -131.7311 1.5351
17.3390 23.8702 201.8105 1.4258
2.0976 46.0024 -258.1181 1.4708
-6.0072 -34.1595 -23.3828 1.5795
22.5469 3.7713 -199.6460 1.5271
-2.6291 -3.3275 -9.8967 1.4265
-26.0638 16.7885 41.6394 1.5668
33.7496 22.0846 63.1531 1.5556
-1.2978 14.3321 95.2153 1.4854
-16.3467 -10.7100 -87.5197 1.4790
29.0789 -11.2129 22.5946 1.4845
39.0028 -28.9413 335.8424 1.4601
3.6203 -37.7103 -163.6982 1.5255
21.4572 40.7484 -212.7802 1.4193
35.2668 -13.5150 287.2533 1.5859
-39.9205 22.2528 -282.9710 1.4921
-10.9955 30.3041 110.8458 1.5819
20.7954 -29.7674 -145.3587 1.5406
0.5965 48.5295 -36.0281 1.4977
16.3223 -23.2243 42.6172 1.4999
-3.6262 -18.3353 -121.5436 1.4641
45.6224 5.3833 -107.4118 1.4505
14.5582 13.7830 -17.1920 1.4548
27.6704 -26.2653 -300.1423 1.5210
20.7178 -43.9237 -293.1450 1.4658
-7.1819 5.9641 17.8528 1.4308
-11.6937 -43.3085 -232.0904 1.5555
21.5430 27.8951 1.2619 1.5016
-21.6404 -43.4672 -182.6053 1.5028
-12.4313 25.5348 3.0924 1.4441
27.2036 -33.9339 246.1136 1.5774
25.6210 -7.5518 -60.8877 1.4323
-7.5471 26.6550 -124.5984 1.4643
-13.1666 -8.4320 46.7316 1.4425
-27.3126 -17.9388 -83.0829 1.4062
43.0810 22.1511 46.8692 1.5858
26.9578 -13.1575 30.6530 1.4634
-13.7898 20.1163 3.8078 1.5673
-9.8756 42.2740 -16.1381 1.5357
20.8188 30.7940 -11.6725 1.5431
-19.7942 -19.2721 68.3852 1.4407
-24.5692 11.9272 361.5277 1.4146
43.7328 -12.2787 -169.1043 1.5976
22.6985 -35.2910 107.2559 1.5606
-5.0435 -31.3514 -120.0094 1.4282
-31.9694 -8.3262 84.3489 1.5779
34.5775 -2.1987 40.8127 1.4471
-6.0410 -26.1778 96.0954 1.6045
34.3447 -30.4250 70.3926 1.5128
-42.6270 -7.5135 -24.0741 1.5392
7.7942 -1.0591 73.8622 1.4988
-25.8850 28.2673 244.9684 1.5713
-10.3089 -29.8486 127.1798 1.5841
29.5094 17.6819 -82.2427 1.5480
-26.2315 -7.3088 -41.5627 1.4867
40.7667 14.6423 587.2504 1.4443
-2.3460 -0.3644 -145.8407 1.5732
-38.9872 0.8562 -133.1228 1.4366
-0.9337 -14.0080 73.6036 1.5403
29.8102 -3.5046 -47.1880 1.4704
38.9800 -24.4045 204.6496 1.4751
19.7916 -5.8172 192.6199 1.5121
