-2.8215 -3.6700 -50.5998 1.6888
5.1631 9.1614 38.1321 1.5225
-4.2519 -9.6520 382.4410 1.5202
-3.9764 -6.6138 -319.1398 1.6479
-1.6577 -10.3362 -123.3573 1.5428
-7.6953 7.0728 -13.3409 1.5379
7.3655 7.3797 -77.4642 1.5969
-3.8780 6.2948 -260.5938 1.6479
-10.1948 2.0798 192.2977 1.6620
1.6418 4.1334 57.3543 1.6050
4.1197 -9.5171 139.3180 1.6766
4.2516 2.4756 166.7922 1.6482
2.1239 7.2380 13.6466 1.6780
1.3760 1.0474 -160.7386 1.5969
10.0889 2.3939 167.6105 1.6485
-1.5271 -0.8829 127.8681 1.5731
-1.2505 4.8033 -27.9058 1.5256
0.1700 -4.6200 -248.7474 1.5994
10.3682 -0.4955 -249.4706 1.6217
-5.5618 8.8530 145.6247 1.6156
1.2580 -10.2778 -51.2160 1.6508
9.8056 -3.3848 -53.4233 1.6551
-6.6363 -8.1668 -9.9262 1.5217
-9.2707 4.8041 73.6263 1.6050
-5.8781 -4.3537 30.2979 1.5082
-7.4866 -1.8526 77.9428 1.5744
-9.8969 -3.5931 -386.1565 1.5202
7.1405 3.2101 -137.1850 1.5160
1.3698 -1.9037 -152.3333 1.5991
4.9455 5.6108 -100.5268 1.6377
-4.6100 -0.8170 -61.1659 1.6841
-7.1957 1.1619 35.9678 1.6620
2.5566 -6.9295 181.3984 1.6168
5.8423 -5.3729 35.5383 1.5534
6.5908 -8.1428 -52.9535 1.6217
-4.1945 2.2480 125.4197 1.5337
6.8628 -2.6388 65.3683 1.5929
4.2766 -0.8476 187.3262 1.6775
7.2101 0.3323 54.5905 1.5527
-0.0486 10.4883 -238.2678 1.5534
3.4293 -3.9428 0.6349 1.5996
-10.3606 -0.7913 159.7710 1.6482
-0.9609 7.7051 246.7191 1.5743
-2.9121 9.9409 -208.2770 1.6539
-6.2582 4.2708 -114.2877 1.6558
-0.7798 -7.5161 -31.2731 1.5929
-8.4754 -6.0264 41.0864 1.6558
-1.4203 2.0140 15.3402 1.5509
9.1298 5.1444 118.0140 1.5897
2.6424 10.2005 303.7203 1.5672
8.5761 -6.0202 91.9601 1.5994
