-45.1450 20.9301 -17.0251 1.5783
31.4058 21.5038 -7.6614 1.6471
48.4667 -4.2303 4.7508 1.5491
-40.0780 -1.6397 1.2499 1.5124
-30.2059 11.7150 -4.5532 1.5790
-30.6393 46.5375 0.2388 1.6332
-19.9250 -20.4934 -3.3987 1.6180
-37.7625 27.3657 20.3191 1.6567
-1.6936 41.8530 -12.4450 1.5755
5.1571 -48.5470 -9.4506 1.4842
-26.3556 33.0452 49.1760 1.5618
-11.7483 -25.0129 1.7854 1.5797
-32.3499 16.9367 -29.9735 1.5335
30.7764 -23.7609 -20.5740 1.5281
35.1957 28.2179 -6.5684 1.6198
-9.8894 -7.0216 -26.2996 1.5302
44.7849 25.5910 13.8976 1.5697
9.6491 -42.5444 -15.1682 1.4976
-45.1308 -17.0561 8.1441 1.5167
-9.3042 44.8598 -12.9695 1.6018
1.4519 -28.1367 15.8182 1.6671
-23.5653 -39.2114 15.5035 1.5523
-48.4586 14.3586 20.3645 1.5239
9.7341 21.7767 6.5273 1.6002
-19.3412 26.1141 -7.6539 1.5984
-33.0407 10.4168 33.0136 1.5522
11.3655 -45.5521 9.3137 1.5083
-12.3863 -36.8333 21.5895 1.5919
-15.0507 -10.2574 -2.5559 1.5558
-0.9072 15.3468 -25.5494 1.6573
10.2939 48.4581 -12.4381 1.5598
7.9310 -28.3111 27.3264 1.5924
33.7118 -42.2911 10.0532 1.6266
-0.7700 -48.3337 3.1131 1.6618
-0.1065 -25.2286 10.1817 1.6503
-26.2258 24.5039 -29.2595 1.5928
-31.2792 5.4429 -5.7289 1.6286
28.9013 -38.2586 16.5885 1.5903
-28.6846 -15.0167 -4.4602 1.5689
24.7151 -34.2088 -15.1327 1.6125
7.9570 -48.4449 28.2781 1.5496
38.8907 42.6740 -0.6106 1.6236
39.3543 -33.7297 -16.1109 1.5213
-21.0612 39.7100 -5.4351 1.6508
30.2644 30.5873 10.4206 1.4833
-7.3643 -8.6052 13.4208 1.4739
40.8445 -30.9611 18.4051 1.6160
1.2067 9.9328 -30.6644 1.6189
-48.5519 8.6006 14.1624 1.4879
25.4292 38.9052 0.0391 1.5256
-6.4614 -24.8317 3.4277 1.5443
-28.3186 -31.7401 2.9763 1.6401
-11.8502 -31.3071 9.4896 1.5132
36.5874 -20.8959 -14.1555 1.5351
-6.3715 -31.4569 2.3262 1.5127
-9.6832 -13.4980 -3.5692 1.4944
48.3296 -16.2603 -1.5969 1.6072
-15.4915 -37.0033 -2.9911 1.5303
-40.9263 -30.4672 -23.2444 1.5904
-37.4811 -6.5985 7.9119 1.5100
-9.0690 -29.9086 41.0635 1.6060
30.7365 -43.5234 -40.6403 1.6043
28.1520 -13.3100 17.3309 1.4865
-28.0013 -28.0202 1.8606 1.5109
-16.8263 24.0458 12.7200 1.6630
-20.8289 -48.1940 21.8767 1.5210
-13.9588 36.8107 25.6546 1.6353
39.3489 -16.1853 -22.9335 1.6397
-23.2079 33.6198 -11.4590 1.6533
-16.0801 27.2648 64.3183 1.6060
-20.2234 -17.2597 14.1837 1.6246
-30.7237 -40.6854 -2.7749 1.5269
1.1124 -10.7825 11.5012 1.6460
40.1625 37.2743 17.8783 1.6244
42.9249 7.7488 10.4944 1.4731
1.2227 0.2824 22.3723 1.5217
-34.7256 -5.2758 -25.2982 1.5294
2.6938 39.9326 -6.2645 1.6570
36.3081 -33.0239 9.8845 1.6005
-29.2542 -2.2982 8.8542 1.5910
12.4843 34.4563 38.2954 1.6101
-42.5539 13.1084 -10.8874 1.4743
34.7576 9.7542 -32.1465 1.5755
0.8584 24.9462 17.0790 1.6485
-20.5867 -29.8258 -3.1139 1.6276
43.1988 31.7030 16.5900 1.5680
-9.6971 -48.4230 -9.3976 1.5752
-6.7569 -5.5645 -26.6603 1.6341
-10.8432 -39.6036 9.1937 1.5426
-42.6284 -10.1324 33.0109 1.6643
-1.8560 -28.3947 65.7906 1.6510
-35.3388 17.4780 13.7334 1.5140
5.1272 -17.7060 -2.7487 1.4796
-48.3773 17.1673 -10.9918 1.5237
-27.1321 29.9710 7.2491 1.5712
23.6565 30.4425 -14.2308 1.6365
36.6439 -17.8191 18.0697 1.5147
-34.7021 -2.0455 -22.7667 1.4804
25.3876 -14.4073 36.1652 1.4879
1.4894 48.3568 12.6742 1.6391
-10.9642 23.2425 6.6211 1.6533
6.1711 -36.5337 2.7823 1.5438
-13.9704 -39.7276 9.5379 1.5949
-0.0386 45.6344 6.6229 1.5087
28.7457 0.9127 17.1583 1.6611
48.3981 -7.1623 23.4483 1.6142
10.0539 -20.3996 10.0237 1.5836
-6.2454 -36.8671 2.7632 1.5692
33.8842 -35.0841 10.5908 1.5906
42.2432 20.9287 -17.7860 1.6073
11.2287 31.2028 6.1795 1.6385
-40.0059 -4.8829 8.5212 1.5340
17.6990 -2.9674 5.4578 1.6220
-12.4332 -42.5268 -21.6961 1.5790
-13.8049 -33.6875 -34.5817 1.5651
-27.9304 0.5022 -9.5194 1.5225
-23.9986 30.4835 -5.6684 1.6094
-2.1483 -10.4745 5.7160 1.6337
-42.5836 -3.2665 13.6549 1.5071
13.1149 -13.2058 8.5033 1.5445
-28.2962 -24.6509 -16.6349 1.4997
11.8397 6.9864 6.3617 1.6100
19.0106 -36.7839 -21.5561 1.6487
9.7281 -25.5897 9.8614 1.5382
-2.1993 -5.9337 -27.2744 1.5136
3.8870 11.6083 5.4013 1.4830
3.0225 -2.2615 4.3426 1.6000
-35.6280 12.0825 -4.5370 1.5449
-13.3805 25.4696 20.1867 1.6351
-9.0861 -23.1914 3.3058 1.5641
-18.6100 45.1065 -0.1294 1.5213
23.8460 -44.8306 9.6370 1.4900
-14.6920 -29.9347 -2.5028 1.6499
-26.7903 -47.4082 9.2398 1.6117
27.9289 -10.1963 23.3342 1.5589
-18.7402 -42.5797 -9.5635 1.6413
-31.9865 -3.8328 -29.6199 1.5312
23.6806 36.3670 12.9228 1.5013
7.9590 19.0562 13.0182 1.6652
-21.7043 6.1385 12.9669 1.6544
32.7296 -3.6028 4.8263 1.5872
-42.7593 -0.0014 -23.5861 1.4977
-31.5084 26.4393 -1.9033 1.5605
22.9315 -19.4211 29.7951 1.5310
21.1083 21.0164 10.2193 1.4952
-11.0753 -45.4697 16.0385 1.6629
-30.6711 -29.5468 26.9840 1.5882
-20.3249 -10.7706 9.6312 1.6190
-0.1797 -36.7677 9.1925 1.5310
37.1528 14.5410 -0.4884 1.5240
13.0546 25.5388 -5.3691 1.6354
31.0650 -14.6764 11.3876 1.4927
-45.4281 -4.5656 1.3426 1.6502
-40.4736 31.4030 1.1059 1.5077
-9.1654 -20.0329 4.3462 1.5960
1.3678 -33.8290 9.4171 1.5351
45.5101 -33.7275 4.3211 1.6300
6.1852 45.4050 -31.5763 1.5307
42.1981 -12.1165 4.3115 1.5110
-22.6755 -32.2264 22.0098 1.5663
-27.7311 47.2787 0.1707 1.5872
-37.9636 -35.2064 -4.5296 1.5162
37.2847 -35.9834 28.4623 1.5395
-17.0590 -39.7829 9.6414 1.5003
-9.0124 18.2921 56.0316 1.6725
3.6138 -8.7191 8.7349 1.5527
-8.2527 21.5026 -12.7826 1.5903
9.3124 -36.8363 3.1087 1.6261
-36.1070 30.5427 -0.4123 1.6249
12.6410 45.3062 -35.9759 1.4833
24.8522 -11.3075 17.1988 1.6619
24.2517 22.6910 11.8758 1.6592
16.1769 6.8917 -3.1298 1.4733
-9.9452 -10.3523 -6.3130 1.6571
-37.9359 39.5081 0.4812 1.5705
43.7388 -29.8345 10.5203 1.4850
-9.4285 -16.8251 -21.0395 1.6297
-10.2586 48.3885 -12.5670 1.6089
-18.3768 -2.3488 -37.4272 1.5311
0.7435 6.7189 0.1118 1.6364
-15.0520 15.6412 -26.7588 1.5963
-24.8650 27.3958 19.5695 1.6221
-1.9576 8.5827 10.2662 1.6638
42.4356 -5.8424 -7.6172 1.4784
-3.5534 -19.5768 23.1684 1.6545
-2.5744 35.3235 18.3430 1.5401
20.4434 30.5218 9.5713 1.5787
-25.8354 -10.2840 19.3015 1.6240
48.2959 19.0811 -26.4379 1.5334
18.3229 22.7028 29.4118 1.6344
18.3580 19.5083 16.1564 1.5778
-4.6444 6.6570 30.4820 1.6558
-16.7793 -34.2706 -40.9073 1.4758
-33.5644 28.7393 10.1988 1.5192
48.3678 -13.2567 4.7666 1.6240
-11.7241 -28.2773 10.3428 1.5214
42.4017 -33.8095 23.1301 1.4819
-1.5171 48.4043 31.3995 1.6000
6.9549 23.4484 -7.0582 1.6356
24.0503 16.3237 -13.9711 1.6024
19.1119 5.3623 31.7042 1.5872
32.3363 33.4849 10.8140 1.5527
38.7194 -38.7142 -9.1582 1.5678
-22.2494 36.7019 12.9912 1.5983
-41.3969 -27.3461 -4.3317 1.5350
29.4524 9.3444 17.7369 1.4763
25.5596 -42.3864 -2.9661 1.5053
-6.7920 -14.9259 -23.5216 1.6224
-12.5156 -8.5400 23.6792 1.4968
42.5899 14.6849 -10.8715 1.4828
-14.3452 -45.4510 -15.7722 1.6184
-38.7051 -39.1039 27.4421 1.6344
-6.2052 45.5950 -18.6857 1.5984
-0.8488 29.9796 18.9162 1.5246
-22.8334 -24.7686 2.2179 1.6563
-7.7951 7.0741 24.5646 1.5359
36.0383 -26.9490 -14.3639 1.4999
28.9906 16.0852 -13.4148 1.4894
19.2821 -12.0694 -14.4642 1.4928
33.4454 -6.7542 23.2009 1.6581
6.3996 -31.0558 -35.2787 1.5524
25.0525 -47.6681 22.1801 1.6154
-23.4195 16.6601 19.0277 1.4881
-10.5867 5.6581 33.4249 1.5920
-23.7593 -47.7730 -3.3494 1.6618
9.4712 -31.2228 -9.3733 1.4825
25.4784 -17.7588 -14.4099 1.4967
-48.3645 11.4605 7.9280 1.6137
26.4523 10.6420 -0.0405 1.5668
29.9457 -2.0952 -6.7641 1.5910
-48.3627 2.7995 20.4811 1.6245
-9.6453 29.5118 29.9887 1.5917
-41.9706 -23.7727 8.2197 1.5020
4.5216 28.5258 25.0835 1.6420
-14.6239 18.8081 5.6782 1.5678
18.9236 -9.1389 -8.3152 1.4731
8.2205 -22.9309 28.7211 1.5413
-48.3740 -14.7187 -10.9470 1.5922
-43.6280 -37.4572 -35.6925 1.6391
-42.1549 34.0674 -11.3466 1.6442
39.0749 -22.7151 17.6309 1.5494
40.0259 3.0708 17.4122 1.5691
14.3102 -39.9151 2.8977 1.5689
-4.6748 -34.1752 21.5447 1.5077
-18.5839 0.8548 -3.0676 1.5944
31.9327 11.1828 -19.3860 1.5971
34.3901 16.0048 18.2335 1.6097
17.8954 -28.9018 -15.8664 1.5163
30.8561 -34.2610 -8.2948 1.5553
24.8749 33.4612 12.4058 1.6117
3.1844 -30.8698 40.8833 1.5791
-31.9758 -0.7884 8.5639 1.5303
-19.7199 19.8122 12.6854 1.5589
10.0085 -11.4402 22.6571 1.5646
8.5918 1.1671 35.2455 1.6684
38.9566 -6.3232 29.5878 1.6589
36.2273 18.6687 2.5905 1.6186
4.9919 -22.5717 3.6181 1.5630
-45.4147 33.9569 -11.3733 1.6206
5.2064 31.6248 25.6722 1.5129
44.9238 22.5209 7.2901 1.5219
-16.8774 20.8886 25.1594 1.4936
-7.7564 -45.3206 3.3358 1.6725
10.7778 -48.5072 -3.1504 1.5047
27.4678 -7.0264 -32.8668 1.6508
-39.1104 -25.2089 -23.0573 1.6007
37.6575 0.9648 4.5396 1.6075
16.3272 -10.8783 23.0508 1.6600
0.1383 -19.5439 46.9882 1.6097
9.3661 33.8265 0.5579 1.5802
-15.9470 8.9934 -17.1428 1.6186
40.0224 6.3295 4.7915 1.5036
22.6910 -31.6732 -14.5816 1.6495
21.4188 10.3981 -1.0950 1.5079
-34.9153 33.5821 0.3522 1.6058
-33.9949 36.7837 -23.2064 1.6206
33.3123 -45.8043 28.6324 1.5191
-12.0896 16.9349 -7.2277 1.5302
15.5567 34.6932 -26.0513 1.4736
1.9498 -13.9018 -24.7430 1.5105
28.4236 -41.3124 -3.5807 1.4920
-45.1089 11.3269 -17.1740 1.6611
19.0064 -42.6704 2.9073 1.6272
-9.4805 15.0631 -6.5130 1.6000
-5.2811 36.7255 12.4134 1.5101
48.1424 -19.2972 10.9371 1.6595
-4.5012 -45.2117 2.9127 1.5974
27.8111 -34.5216 22.4174 1.5094
40.1829 12.8403 5.7997 1.5710
11.3824 -28.2472 -27.8030 1.6123
29.4741 19.0474 -19.6148 1.4967
38.0353 29.8146 17.6554 1.6424
-16.1374 48.3866 6.7009 1.5722
-44.6006 24.5917 1.6279 1.6274
32.0790 0.4096 10.0843 1.6414
2.9851 -36.5860 34.4719 1.6558
-9.7818 -0.5065 41.3018 1.6524
3.6829 5.2471 -5.6190 1.6692
14.1388 9.0867 13.9730 1.5251
-27.7442 -41.1856 27.9485 1.5175
45.3357 -17.3340 -8.3851 1.5154
-18.5721 29.3083 27.4488 1.6148
4.7618 -39.4036 9.1955 1.6520
-24.3705 -4.2901 -36.9877 1.5093
-45.2632 -13.9442 26.8999 1.6220
44.0767 28.6423 -4.2811 1.5779
-37.2253 36.3836 -43.4641 1.6297
10.9587 -34.0477 22.1300 1.6203
-4.9297 42.0191 -12.4635 1.6642
18.3412 16.2368 1.1271 1.6122
16.3194 -48.4024 9.4210 1.5204
31.5458 40.0897 18.6892 1.6423
18.5398 34.3169 -37.2562 1.5452
19.1337 -48.2955 -15.6793 1.5253
39.8580 15.9054 -25.6818 1.5176
10.3503 28.0715 19.2385 1.5459
-11.2145 42.1910 12.9080 1.6385
25.8260 44.6274 6.0704 1.5977
-42.3134 22.3549 26.9543 1.5931
47.1798 -28.2045 -14.2555 1.5710
13.4695 15.8117 40.6648 1.6401
22.0571 47.9918 -18.9407 1.6174
-12.8087 10.5118 -6.7012 1.5081
-6.5077 -18.1999 18.0040 1.6051
-21.1695 12.9130 46.0933 1.6364
45.6118 9.2603 -14.1527 1.4968
19.8610 -14.9639 36.2055 1.4735
-36.9303 20.0369 -4.2038 1.5086
35.8272 32.0964 -14.1787 1.5375
18.8336 8.5824 -15.8369 1.6589
-31.2617 -6.8339 -5.0663 1.5685
-18.4876 11.0408 -28.3090 1.6454
16.7319 28.2416 -24.9150 1.6290
28.5738 38.7140 -31.8692 1.6361
8.0652 30.2927 -18.1852 1.6502
22.2882 -13.2413 23.3815 1.5183
1.9868 16.5554 24.2379 1.4736
15.8285 45.1406 38.2408 1.6007
-44.2334 -26.0957 -23.2650 1.5943
44.6407 35.9348 -7.3768 1.5243
-24.2602 13.7962 27.6545 1.5275
-6.9419 -11.6799 37.1816 1.6415
-28.9924 18.0722 19.4350 1.6315
20.5323 36.7349 -6.3130 1.6076
-22.2420 2.9950 2.4206 1.5452
36.4729 44.3598 12.0602 1.5302
27.9321 -29.0140 -8.6970 1.5388
45.2170 13.0503 -10.3530 1.6343
21.0125 -3.9363 23.3480 1.5580
36.4975 -11.4699 4.2807 1.6405
15.9238 -7.7127 -14.3168 1.5448
22.3481 39.3584 -6.4665 1.6004
12.8876 19.1973 2.0508 1.5964
-17.0342 -25.1651 -14.9445 1.5623
48.3554 16.2106 23.5537 1.5700
-28.5155 35.4104 -13.2754 1.6563
-40.5402 36.7548 -17.9718 1.4924
47.3204 27.7071 -20.2805 1.5375
-36.0535 -40.9681 -4.0020 1.6121
23.5763 -2.3015 -39.9404 1.4861
-30.5361 20.9452 38.4396 1.6448
14.6417 -28.6522 28.5932 1.5577
-48.5122 -0.0995 26.6882 1.5129
-21.5674 0.0015 -28.7449 1.5307
-43.4890 30.9872 -4.9566 1.5302
41.4165 -27.8398 16.6634 1.5714
0.0649 21.7858 -1.8419 1.6184
-33.9792 -18.3777 33.1536 1.5884
-6.1944 16.1116 -31.7595 1.4731
22.0911 3.5734 18.2777 1.4915
40.8496 -36.4516 41.7694 1.5131
-36.5174 -23.1549 -16.9425 1.5462
-42.1397 -13.3324 8.0970 1.5739
-23.7164 42.2646 12.2390 1.4736
-43.8673 27.7529 -11.3653 1.6292
-19.0849 48.1885 -0.1274 1.6131
31.3152 -17.6129 -8.3387 1.4765
-12.5880 -2.1337 -52.6378 1.6005
30.7981 -11.5812 4.1942 1.6312
-41.8513 -39.9326 40.0017 1.6094
-33.0179 -31.4774 1.8958 1.4823
-7.8209 -39.5415 9.0850 1.4871
-12.6247 -5.3860 36.4776 1.6698
-2.4333 23.7612 34.5916 1.5787
-3.0704 44.7706 -18.5409 1.6625
-33.5446 -28.1502 46.4788 1.6100
-36.8938 14.8758 -29.8007 1.5481
31.8514 -37.3948 11.0705 1.4913
34.6570 21.4851 -14.9954 1.6126
24.2209 -39.5247 22.2619 1.6656
-17.9331 41.6602 24.1720 1.5329
3.8920 8.3972 13.4652 1.4977
-31.5886 2.2748 51.1921 1.5760
34.5933 12.8653 18.2523 1.5356
-11.7220 20.0667 -0.0443 1.5847
44.9872 -20.3759 -7.5274 1.5423
17.4643 31.4163 -5.5960 1.5652
-14.0767 22.2440 -12.5498 1.6287
-1.8747 1.7088 -24.8915 1.6109
-35.6028 41.5595 -18.3819 1.5388
-10.3847 8.7510 -9.0591 1.4963
18.4116 -23.4088 22.0155 1.5969
-39.5158 8.1687 -10.6083 1.5963
-10.3027 26.4175 6.1989 1.5785
-21.9639 48.1431 0.0890 1.5013
6.6040 -42.6351 -9.7904 1.5525
-30.3668 29.3142 -26.4922 1.5320
38.1415 34.6104 -20.1977 1.6502
25.6526 1.9214 17.8322 1.4931
-1.2596 12.0563 10.8034 1.6648
25.0261 47.7041 18.6662 1.5944
14.2202 -16.0277 -3.8047 1.4950
-24.5869 0.7412 8.4095 1.5963
27.9109 -47.3448 34.7130 1.4853
2.1917 30.9629 37.1657 1.5770
34.7295 2.3460 17.1949 1.6385
19.2079 12.5318 -38.3433 1.5691
-48.0548 22.6658 32.8853 1.5009
30.9548 36.3779 24.2707 1.6572
0.4581 36.1217 -12.6662 1.5830
-19.0480 37.2322 9.8157 1.5688
38.5106 26.6891 4.4750 1.5287
-47.0584 28.4149 -5.0031 1.6379
21.0797 -28.9445 16.7662 1.5307
27.3136 -3.8324 11.0854 1.5439
-27.5520 21.7675 -18.3358 1.4732
48.4807 10.3893 -7.8659 1.5414
-12.5881 -12.1042 -5.4054 1.5383
16.7589 3.3820 -12.6453 1.5064
-36.6184 9.2429 -17.0207 1.4798
21.7676 -10.2047 10.5994 1.5732
-42.0815 10.0632 20.7902 1.5948
27.4849 21.5866 11.6599 1.6463
-25.9308 -16.5728 40.1181 1.5240
-39.8305 5.0040 6.9471 1.5931
-18.5566 -36.7285 -22.0375 1.5610
-36.1065 -26.2510 -10.4378 1.5877
27.8530 3.9635 11.4463 1.5311
3.8180 2.0516 7.3372 1.5351
-17.5198 17.6028 6.3983 1.5740
7.8179 -33.8462 -9.1129 1.5340
20.0480 -18.0293 29.5092 1.6164
1.7905 -45.2480 8.9861 1.5126
-36.6021 -20.0743 14.2428 1.5455
7.3957 -13.0982 10.6624 1.5356
-12.5304 -48.5150 28.2622 1.4923
45.7958 33.3523 -14.1928 1.5187
6.4244 10.0930 -32.8344 1.4882
12.1875 39.9806 69.0553 1.6232
19.0157 26.1113 18.8554 1.4814
-13.2165 48.4065 18.8015 1.5836
-3.2321 31.9969 -25.0767 1.5922
-30.8669 -26.3712 2.1770 1.6098
19.4817 2.1822 37.1326 1.4807
-3.4181 17.3233 -7.0350 1.5336
26.0943 -36.9848 16.1800 1.5034
10.7190 42.7463 19.0548 1.5246
-21.4383 -3.1554 13.1523 1.6474
-31.2631 -19.8705 39.6422 1.5221
0.4144 -4.1768 41.7860 1.6564
-3.9009 14.0796 7.7963 1.6097
28.3906 -16.4227 29.8802 1.6345
24.8525 4.9693 30.4497 1.6121
22.7352 -36.6671 -2.4457 1.5457
48.5269 1.5100 4.7231 1.5001
3.2205 -19.9353 -9.1263 1.4737
13.1971 48.4101 25.0772 1.5791
14.2157 -34.0721 3.1169 1.6413
21.7094 -23.8869 -14.0231 1.5962
-18.0439 -8.4993 21.8584 1.6010
-47.6567 25.4845 26.6299 1.5754
-33.1623 -42.4519 16.0559 1.4873
2.8361 34.0449 12.3506 1.5817
-36.9778 -16.9371 26.9749 1.6164
-13.3323 4.1403 -1.4485 1.5627
-24.3355 10.6842 -37.4083 1.6081
-10.2268 2.6049 -30.0338 1.5031
-20.3565 -26.7152 -9.8570 1.4791
-23.8635 22.5150 -9.3615 1.5117
7.3650 26.9264 -43.0432 1.6096
7.8770 15.8909 22.3697 1.5123
-26.6058 -38.2983 -9.6275 1.5963
33.8170 45.5340 -6.6730 1.5861
-42.9262 -32.8774 26.9243 1.5640
39.2590 -19.5425 39.8023 1.4727
-4.0454 -13.0945 12.2711 1.6043
13.9763 42.6113 32.0748 1.5335
6.2706 34.5428 -31.2819 1.6093
-38.4812 43.1166 44.5945 1.5183
-2.9004 -42.2909 -22.0595 1.6440
36.4712 -40.8088 16.7732 1.5086
23.7458 19.5423 22.5425 1.5419
-21.2767 -6.2624 12.5615 1.4794
-42.2001 -20.6337 1.7772 1.5107
38.9305 -25.8573 -20.2501 1.6032
21.9226 6.6779 18.7113 1.5395
23.7985 12.4632 -13.3987 1.6495
9.0502 8.5402 6.2052 1.5774
7.3705 48.3997 37.6501 1.6003
35.3113 -29.9743 -21.4837 1.6333
4.8261 -14.7563 4.3285 1.5190
-47.4291 -26.4195 20.6557 1.6430
-24.3138 39.2037 -19.3271 1.6533
-9.3050 -36.8785 -28.6119 1.5040
-45.6742 -10.8955 -10.8573 1.4791
-16.3804 38.9483 -14.0431 1.6137
-2.0036 4.9532 33.7058 1.4888
-42.6635 38.9780 13.4876 1.5779
-29.5155 24.0646 -7.9641 1.5349
41.6643 26.3252 -8.2826 1.6590
-34.2518 -15.1804 39.5116 1.6291
-28.6398 -18.1846 8.2950 1.6101
-48.4190 5.7720 -4.6357 1.5828
-12.5257 45.2390 37.5487 1.6592
36.1463 -23.9248 -33.5235 1.5408
-9.0320 32.6587 -6.7721 1.6382
32.2247 -29.1029 -14.8231 1.5913
-28.0056 -35.3441 9.2166 1.5883
40.4818 -0.5141 42.1037 1.5059
19.0879 48.2290 25.0981 1.5914
-23.0347 -21.2516 9.0432 1.6039
27.5538 -23.3201 -16.1875 1.6716
11.9979 -22.9731 -15.4336 1.6597
45.3962 -14.3037 28.8758 1.5148
16.5012 -26.0384 3.5291 1.6626
45.4390 -0.1665 36.1189 1.6167
44.2641 -36.4815 23.0545 1.6001
33.6347 42.4349 18.2251 1.5008
-38.6006 23.8261 -53.7541 1.6276
-26.1377 -1.8934 1.0170 1.4802
44.6744 -23.4347 4.3329 1.5251
22.7558 -16.3077 -20.8369 1.5934
-28.6469 -11.8551 7.6039 1.5940
46.5851 -31.0031 10.7056 1.5101
7.7686 37.2671 31.3141 1.5174
4.9557 17.7154 3.7219 1.6036
18.6481 -6.0648 4.6673 1.6345
42.3730 17.7409 -17.5166 1.6054
-43.8994 -29.2917 1.7909 1.6285
36.9788 37.6336 -26.0605 1.5949
-20.9238 31.4053 10.2535 1.5053
9.5148 -8.2026 17.1240 1.6535
-27.3426 6.4243 1.0036 1.6491
-14.3775 33.4909 70.4773 1.5177
-25.9835 44.6497 37.7329 1.5883
-20.3892 -14.0509 11.2519 1.6025
37.1530 7.7835 5.4040 1.5336
41.8601 -24.7672 42.9478 1.5327
-34.8817 25.8080 35.4014 1.6390
-25.9497 19.1928 26.0590 1.5755
2.2878 -48.3640 -3.1270 1.6230
-12.4672 13.8457 -1.7046 1.5705
42.4020 -8.9724 29.6904 1.5977
-13.2678 39.8423 19.2547 1.4822
-16.6934 35.3403 1.1566 1.4754
-25.5919 -7.1061 2.0386 1.5730
24.5661 -8.1802 23.5030 1.4870
1.5049 -22.4424 -2.7655 1.5821
-24.8545 -41.9875 -22.0968 1.5013
-22.4320 25.2725 29.6928 1.6123
30.5536 -8.3330 -14.6757 1.6440
10.8157 37.1300 19.4805 1.5539
-14.8919 -14.0037 19.9524 1.4760
42.0583 -21.5860 -7.6828 1.6160
48.4067 13.2847 -1.6880 1.5872
-30.2686 -43.7457 -7.2017 1.4893
33.6812 -13.0741 10.8668 1.5878
34.0212 -16.2025 -20.0166 1.5618
11.1806 -39.8024 2.7024 1.5680
45.1978 -11.1407 5.0104 1.6370
20.4261 -21.0933 4.9542 1.4842
24.4621 -22.2329 -15.3848 1.6221
4.1612 -11.7702 -43.9704 1.5638
1.3061 42.8575 12.7922 1.5920
-4.7207 3.4188 -12.3134 1.5170
20.8728 -34.2438 -40.2450 1.5165
-25.6827 -23.0209 8.7960 1.5985
-45.2686 17.7060 14.2123 1.6572
14.5197 -1.6110 24.7222 1.5359
-1.3707 -1.4645 23.3134 1.5910
15.7252 17.9683 22.5470 1.4782
36.6586 -14.5865 -28.1050 1.4912
-28.4241 -21.4198 -10.0129 1.5500
42.7443 10.8782 24.6115 1.6623
-29.8923 14.9237 7.8984 1.6523
33.8085 -19.4271 4.5075 1.6259
-45.3963 14.5126 7.8202 1.5392
-15.9523 2.5236 -22.5763 1.5398
6.5450 3.7029 7.0275 1.5969
-3.8365 -16.3124 -14.7893 1.6383
3.4067 -42.4286 -16.1777 1.6597
17.6094 -45.5696 15.6054 1.6033
-23.4082 -44.6239 -9.6692 1.5187
29.8360 24.3353 -1.5944 1.5917
-37.2564 -3.6089 -0.9299 1.5093
33.2806 -25.6066 23.7314 1.5641
-34.1977 -11.4773 -36.1389 1.6285
19.1537 39.6541 -18.7789 1.5668
11.5253 -3.7808 -2.4469 1.5439
30.6152 -46.6553 -2.8558 1.5240
27.9766 47.1804 24.9493 1.6248
15.7168 -37.0063 2.8083 1.6652
6.7920 -10.0031 -0.6413 1.6280
-25.5874 -30.0085 8.6611 1.6018
30.0880 -26.7735 -2.3684 1.5847
-35.8567 -30.3473 28.4128 1.5834
-32.6126 23.4583 -21.0708 1.6303
33.5093 -9.9640 29.0707 1.5271
-1.7496 26.9277 -24.9495 1.6480
-11.3733 34.8895 13.3527 1.6074
-1.3147 -45.1207 -3.2126 1.6033
1.4619 -39.5150 28.1735 1.6558
-17.4663 -45.4595 3.0703 1.5146
-19.8006 -23.6933 28.1257 1.5938
-18.7649 7.4855 -11.6049 1.5943
23.8175 25.7764 55.9435 1.4813
-39.5836 -11.5607 1.8213 1.5472
42.6894 1.5387 -7.8495 1.5123
-39.8718 14.3545 -4.6232 1.5040
-29.9456 40.6031 6.3584 1.5910
-21.6192 28.3584 -26.7239 1.5892
-22.8700 45.2058 12.7492 1.5918
15.7525 39.9876 -0.2934 1.6403
-45.2868 1.8774 1.5691 1.6038
39.2360 -9.6575 -8.0538 1.6489
6.4436 -25.4680 -27.8395 1.5657
33.8592 37.9089 -0.3520 1.5508
-32.4795 31.6138 0.2349 1.5413
-37.3420 -0.2871 -11.3842 1.5680
17.5212 -39.7694 -16.0074 1.6487
36.3192 24.4788 -15.2817 1.5928
14.1926 1.6203 12.7232 1.6266
31.7295 3.6735 42.3998 1.6499
-21.3448 9.4299 -37.0000 1.6473
-26.4562 16.0707 13.4483 1.6061
-48.4355 -8.9921 14.1164 1.5762
-26.6647 41.5812 24.7934 1.5700
26.1572 -26.3157 -22.2392 1.6315
-30.4909 -37.5764 -8.9698 1.6010
11.5334 -0.4116 -17.6272 1.6656
-0.5195 18.5912 0.0570 1.6322
19.4835 -31.5377 10.0171 1.5311
-48.3638 -6.0024 -4.8014 1.6489
-37.5330 -43.7309 27.6331 1.5258
-20.3634 16.1512 7.0400 1.6255
39.4277 18.9885 -8.4747 1.6001
47.6859 -25.3305 4.5534 1.5677
26.4361 14.2714 -7.7712 1.5408
16.7601 -14.1610 11.3788 1.6618
27.6716 -19.9396 -0.5389 1.6016
-31.0585 -22.8742 27.5416 1.4943
21.0146 42.2783 -37.5132 1.5971
14.4407 -45.4848 -22.1837 1.5716
26.2442 -0.9924 -1.9969 1.4851
-4.1953 -3.5441 -8.2660 1.6164
-34.3230 4.2969 -12.6374 1.6368
17.6527 -33.9443 22.5121 1.5059
-4.7519 -39.6447 -3.5416 1.5915
5.9353 39.7636 -6.2473 1.5977
-25.4154 36.0295 31.3498 1.5077
-39.8780 20.4855 1.8335 1.4978
-12.6354 28.5714 26.5836 1.5666
-46.0446 -32.1324 -35.8579 1.6619
-42.5792 19.2827 -4.5021 1.4753
7.6456 12.8823 30.9896 1.5047
-20.4575 -45.2036 9.2137 1.4965
33.0809 24.3401 3.4958 1.6614
-25.8248 -19.6950 2.2914 1.6022
-38.3454 -32.1767 -28.8913 1.5193
-45.4634 4.9534 -16.9031 1.4897
-10.7281 -34.1618 9.5487 1.5547
16.3964 13.8429 -4.8291 1.4866
-7.4678 39.0073 -9.4163 1.6060
12.4964 -36.9206 16.0239 1.5718
-33.1901 -35.9572 22.5677 1.5051
-7.3551 48.4977 37.7381 1.5311
-6.6938 30.5436 25.5441 1.5213
48.3408 4.4215 -14.1425 1.6483
21.7401 -7.0099 -30.3846 1.5857
22.6978 44.8978 -37.4020 1.5093
-38.4383 -28.4409 8.2448 1.6455
-34.9806 -45.0568 15.3016 1.5589
-30.5067 8.5597 -5.0009 1.6026
3.1965 -25.2358 22.5588 1.6590
-8.0920 42.0243 0.0279 1.4913
13.4604 28.7898 18.9255 1.6532
-7.8526 24.5926 -19.0586 1.4796
21.5521 27.6840 13.4172 1.5053
-15.3023 -48.4302 -3.1894 1.5127
-7.6811 -34.1675 8.8400 1.4970
-5.9518 33.6715 6.9537 1.6125
48.3499 -10.2044 -1.5631 1.6555
42.7035 4.7115 -20.2713 1.5830
-45.6200 -1.3151 1.5680 1.6321
-42.5310 6.7737 26.6732 1.5408
-15.3704 12.2609 -0.4024 1.5899
14.1060 -19.6060 24.3766 1.6258
41.1702 40.6414 -7.1000 1.6332
46.5926 30.5494 24.1531 1.6122
-32.8502 13.5658 -10.8840 1.6089
10.7306 13.8802 -39.1940 1.6529
26.7020 24.7147 10.1825 1.5339
-16.1125 5.6811 0.8059 1.6230
3.1019 22.7382 26.4106 1.5321
-40.2125 1.6647 -23.6861 1.5420
-0.3504 39.0912 -18.9119 1.5103
21.2744 24.0731 24.3513 1.5717
23.0738 -26.6962 -3.0945 1.4832
-31.3693 -16.5796 27.1364 1.4928
9.9142 25.0007 -0.1458 1.5621
13.0291 -10.0935 39.3080 1.5820
30.7972 -20.6368 11.6766 1.6127
-9.0182 -26.6844 -9.1790 1.6224
-7.6452 4.0811 12.0551 1.4841
20.1922 -0.8543 12.0612 1.6504
41.8838 34.6385 5.0769 1.5321
-20.0149 -39.4009 -15.7569 1.4837
30.0679 -5.2112 36.6372 1.5317
35.9199 -44.5904 16.1546 1.5663
-34.0325 7.4816 -24.2305 1.5580
-10.6523 38.2626 -0.2577 1.5899
22.9524 0.6567 11.3399 1.5063
-1.8492 -22.4202 4.4266 1.6695
37.8094 21.6985 -8.6361 1.5678
31.5963 14.3827 -18.9163 1.6356
27.0785 30.9445 18.5454 1.6660
16.1918 25.0565 13.1333 1.5482
4.9545 14.5374 3.2189 1.5918
45.1534 19.3864 19.4761 1.6364
9.0363 40.0276 -6.0696 1.5175
9.1224 5.4483 -0.2244 1.5253
-4.3584 -8.1365 24.1017 1.6027
0.0104 -31.0367 3.2021 1.5801
41.1371 29.3914 3.8696 1.4758
-15.6372 -3.9769 -49.6584 1.6588
-40.7756 28.3708 1.3922 1.5420
-7.2637 27.5535 -12.6370 1.5136
15.2306 -22.9742 -3.3340 1.5770
8.7897 -2.0902 12.4318 1.5527
5.7355 -0.4995 22.0586 1.6568
47.9491 -22.3628 17.1881 1.6355
-28.4758 -8.4255 7.0287 1.6015
43.1324 38.3844 -0.9574 1.5612
-4.3554 10.8581 26.8280 1.6666
-14.8994 42.4447 25.3907 1.6184
45.2215 16.2238 1.4033 1.5391
-25.6712 -26.1268 -10.4999 1.5154
-17.6850 -31.3117 -2.4556 1.6243
25.7276 28.0708 12.4359 1.5241
47.9971 21.9809 4.9121 1.6092
21.0811 17.9421 9.9111 1.5791
35.8423 -4.4905 -14.5713 1.6415
34.9020 -1.2358 34.5439 1.6430
-42.0474 -16.9349 14.4569 1.5927
45.4976 6.1846 29.6044 1.5368
-34.5025 1.0658 -19.3388 1.6061
-20.7497 42.8981 50.9715 1.5779
-45.4821 8.0661 1.7218 1.6340
-42.6675 3.6384 7.5790 1.5751
-20.1514 34.3724 -13.4204 1.5237
4.5258 25.3893 -19.1634 1.4871
12.7339 -42.7389 -21.5901 1.5754
-36.0403 -37.4953 3.1133 1.4837
8.2747 -45.3145 28.2102 1.5948
5.3419 20.7661 -21.5807 1.4918
-35.2923 -33.5708 -22.8934 1.6368
-21.8246 -41.8262 -28.4413 1.5489
-47.9407 -23.5086 -42.3015 1.5374
-25.5710 -33.3163 9.2554 1.5413
16.9393 -17.3731 15.9024 1.5445
-18.0632 -48.3869 -3.1816 1.4813
9.2881 45.4819 31.8376 1.5785
26.6787 -31.7595 3.2817 1.4735
24.4306 -5.1955 17.1108 1.5041
-33.4060 -39.0886 21.7454 1.6110
-3.4164 39.1702 -13.0268 1.5594
-39.8349 -42.0598 27.5766 1.5243
-22.8284 19.6347 -12.2691 1.5740
4.0496 36.9801 12.5001 1.6042
-23.3144 -15.0213 7.5871 1.4882
-23.2445 -18.0059 14.3833 1.5107
6.9297 -20.1271 66.4093 1.5692
0.2417 -42.4296 -15.8170 1.5126
-38.0723 33.3149 -5.8063 1.5514
-5.3356 22.7198 16.1239 1.5120
-23.1933 -12.0091 -31.8145 1.5215
0.8949 3.4361 5.9208 1.6598
10.1699 -14.6620 -20.7290 1.6504
31.2208 -40.3023 9.6135 1.4911
-15.6882 -0.6557 25.7941 1.6648
3.4192 -5.5327 20.6162 1.6460
-38.9226 11.3566 -4.7228 1.6548
4.4486 48.4624 -18.8654 1.5577
36.2719 40.7690 5.6673 1.6240
19.6902 45.1680 -19.5818 1.5157
20.9005 -45.1102 -3.2437 1.4739
-44.9136 -23.0748 -4.5193 1.5241
21.0314 -39.2348 16.0395 1.5446
17.2252 -20.4740 28.0811 1.5777
21.6211 33.5221 -12.9492 1.6505
-21.5928 -36.8855 22.0369 1.4926
-25.2866 3.8823 -16.7650 1.6300
-48.2042 -20.6871 20.5398 1.5279
-15.5562 -42.4509 16.0231 1.5593
22.2300 -42.1688 28.4974 1.6423
-47.0263 -29.3300 -42.1910 1.5204
45.2642 -4.4760 16.9235 1.6344
13.5407 -48.4947 -15.6916 1.4915
-27.5083 38.5139 -25.7735 1.6282
16.1364 48.3355 -6.3195 1.5950
8.1837 -17.1943 54.1238 1.5746
37.9208 -2.1265 -20.9130 1.5134
30.6116 43.2078 -6.6746 1.6247
17.2865 37.1670 43.5482 1.5388
19.6747 -26.2484 -46.7590 1.5180
17.7859 42.5653 44.1679 1.6416
40.3632 23.4308 3.4893 1.5408
-32.1882 42.8781 6.7661 1.6110
-12.0126 31.5952 47.6197 1.5419
24.0455 8.8044 25.1650 1.4822
-35.6553 22.7566 -22.6744 1.5168
34.9931 35.0463 -1.6839 1.5373
-4.2963 -0.3291 -5.8372 1.5629
-5.8760 19.3252 37.0773 1.6523
-42.6535 -6.3038 14.5008 1.4865
-31.6330 34.6495 1.4459 1.5680
13.6593 12.6897 -12.5676 1.4999
-48.3897 -2.9801 -17.2750 1.6045
39.3193 -12.9459 -8.1500 1.4954
26.9614 7.4490 -7.2212 1.6486
-4.4724 48.4089 -0.0184 1.5890
34.3826 6.0879 23.7901 1.5147
28.7568 27.3403 -6.8422 1.6062
6.3119 -6.8766 17.3337 1.5514
-48.2103 -17.7347 -10.8371 1.6587
4.9510 -45.4091 -34.7097 1.6611
-0.7158 -16.5220 2.2470 1.4941
15.8411 -42.6806 -9.3438 1.5368
-15.6465 45.4141 -5.6306 1.4802
11.4325 10.5827 -4.8467 1.5755
48.3857 7.4610 17.2501 1.6215
29.8641 6.2158 11.0911 1.5148
-33.0159 39.8140 7.0668 1.5787
-45.1677 -34.9539 27.1097 1.5045
-40.0462 -8.2490 -11.0345 1.5341
-39.5377 -15.0602 26.9539 1.5593
33.4893 -22.5076 35.6868 1.4736
-29.4254 32.2963 -13.5173 1.6045
8.8151 -5.1473 31.2946 1.4977
24.2079 41.9144 8.3915 1.5765
-30.8972 37.6039 -5.9607 1.4823
-36.0666 44.5777 0.5112 1.5165
-9.7244 -3.7858 -1.3329 1.6297
14.9932 -4.7122 5.5231 1.6094
0.6714 -7.5060 -9.1338 1.6545
-31.2913 -10.0245 -11.2586 1.6401
-24.4595 7.6114 19.1306 1.4850
1.6031 13.4824 12.1278 1.4819
2.4816 19.7036 -6.6356 1.5779
-38.8219 17.2489 -11.2336 1.5079
-19.0387 4.1254 -11.5336 1.6581
-8.3244 35.9047 18.1580 1.6258
-17.8862 14.1757 6.6397 1.5501
6.0921 -3.7229 25.4460 1.5917
15.4915 21.0483 -1.6010 1.6002
-17.7323 32.4088 12.6995 1.6126
26.9595 35.8651 23.3042 1.5804
-6.9951 -2.0833 -16.4198 1.5538
-9.2363 -42.3492 -9.3574 1.6370
14.3707 31.8891 -6.4258 1.5880
-28.1436 -5.2642 1.6001 1.5840
-2.9534 20.6578 24.7572 1.5798
11.2841 3.1250 67.5520 1.6698
-27.4587 9.7134 0.9615 1.6695
-6.1855 -21.6418 15.5606 1.6274
12.7472 22.4284 0.7324 1.4920
-45.3668 -7.8241 7.7006 1.6341
-20.3940 22.8511 -18.8291 1.5630
17.0987 0.2015 5.5544 1.6220
-24.8041 47.7144 -6.1435 1.5969
-36.9041 -13.2774 14.2963 1.6424
-46.5300 31.2770 20.1368 1.4976
-29.0551 43.6965 12.6981 1.6316
-11.8394 -21.7235 -2.6113 1.5700
37.3783 11.4638 18.3666 1.5757
29.0096 12.4672 -6.2800 1.5974
-13.2742 7.2857 -34.5693 1.5730
42.4329 -15.2109 28.8886 1.5883
-22.9195 -8.8715 -16.5001 1.6069
40.5081 -3.6042 4.6209 1.4784
-17.4729 -12.2922 -2.6828 1.6237
-12.9085 1.0268 11.9843 1.5924
-31.5185 -13.3676 26.7005 1.6571
42.2656 -18.3872 -0.9580 1.5788
-15.2133 -7.2176 29.7062 1.5117
-42.3747 16.1972 45.6240 1.6259
4.5280 42.6664 -12.3107 1.6414
-41.0729 -35.4496 -23.3913 1.6196
6.4408 6.8359 -24.5640 1.5093
-40.6634 41.1826 25.8966 1.6058
-33.4765 45.7326 12.9505 1.5351
-17.2946 -28.1949 16.1862 1.4936
-1.6610 -34.1143 8.9100 1.5107
-18.4335 -5.4285 0.9801 1.4929
13.3445 -25.8278 -3.0983 1.5051
-32.3191 -46.1420 27.9454 1.5266
-14.6344 -17.0268 28.7462 1.5124
-17.1705 -22.0089 3.6900 1.5300
-28.2152 26.9899 15.0194 1.6040
-30.8883 -33.7977 10.0585 1.6619
-48.5020 -11.8470 1.6382 1.5169
-23.1743 -27.9619 8.1065 1.5721
12.5781 -6.9004 14.8198 1.6592
27.7766 -44.3830 -15.5363 1.4874
-39.4129 -22.0734 20.8977 1.5493
14.0463 4.7576 -26.6203 1.5314
-36.9060 6.2037 -5.9975 1.5847
-28.6906 3.5051 -36.7925 1.6014
13.9561 37.3017 -0.4712 1.5979
-45.2276 -20.0693 -10.7456 1.5191
10.6322 17.1112 -1.1652 1.4963
-11.9660 -18.6013 22.1504 1.4832
-39.5350 -18.9130 8.0334 1.6190
-9.9646 11.8733 19.1035 1.6351
44.4352 -26.5774 17.4381 1.6272
-48.2907 19.9314 39.2173 1.4782
24.8155 -29.2413 -15.6290 1.5906
4.7175 -28.1057 -15.2825 1.5960
-14.4479 -23.4335 16.3548 1.5536
-3.8324 -48.3731 -15.6983 1.6274
-17.5421 -15.5099 -25.5718 1.6024
2.2511 -16.9448 -2.6411 1.5076
27.5809 41.8380 11.8911 1.6485
33.0106 -32.0985 16.9388 1.5070
-0.9779 -13.3465 11.5796 1.4907
22.0466 -47.9799 -15.6819 1.6282
-17.3632 -18.6474 4.0251 1.5611
-3.1940 -36.7955 -16.0698 1.4985
40.6669 -41.1926 -2.5935 1.6020
-29.6377 -46.9581 21.7506 1.4926
47.7855 24.8913 -1.6334 1.5376
30.9411 46.4494 -6.6073 1.6464
36.3266 -8.2395 -20.7225 1.5940
1.4257 28.0133 -13.4774 1.4791
29.9947 -31.2916 -27.3439 1.5373
32.1760 8.1134 23.9284 1.4978
-14.3751 -26.7594 42.4026 1.5523
-15.1498 30.4967 -12.5051 1.5459
38.4343 -43.1214 16.5763 1.5513
-36.9674 -9.7194 1.7874 1.6593
-0.2263 33.0321 6.1365 1.5924
42.6680 -38.9892 10.4159 1.5772
-6.9753 13.1770 -25.9463 1.5392
16.0533 -31.3673 16.0271 1.5105
-27.2306 -44.2449 13.1222 1.5938
45.4097 3.0458 -1.5441 1.6075
40.1228 32.1695 17.6333 1.5121
3.0335 45.4916 -21.2146 1.5668
-6.0704 -42.4879 -3.3351 1.5445
7.6808 42.7579 49.7911 1.5174
21.4049 14.6940 -7.7244 1.5217
26.5767 18.1920 5.7132 1.5475
-33.4753 -24.6388 2.2503 1.5327
-1.6809 -39.3943 -3.2999 1.4977
-27.2792 12.9723 27.1112 1.6224
-33.8450 -21.5603 14.4094 1.5685
-37.3413 3.0435 2.2902 1.5697
33.2114 30.5894 -8.5585 1.4773
-41.4861 25.4386 1.8513 1.4727
-7.0307 1.1312 -1.7610 1.5473
16.6117 10.8500 38.9989 1.5311
-12.1689 -15.2778 -8.9326 1.5094
38.3489 -29.0579 -1.8346 1.4731
4.6402 -33.7351 34.3843 1.6527
45.2723 -7.6701 35.9468 1.5648
12.5932 -31.2421 22.4098 1.6342
39.8177 9.4335 -19.5357 1.6026
-19.8675 -33.7936 9.3720 1.6572
32.4501 18.4859 -20.2503 1.5426
-24.4513 -36.1128 2.9521 1.4814
-33.7482 20.1991 32.7561 1.6644
34.8859 -38.1267 25.4191 1.6275
-44.3157 36.6405 13.6237 1.4951
-5.1604 -28.3846 9.7884 1.6448
-7.4117 10.0706 10.8826 1.5140
37.1732 4.5799 4.9215 1.6713
48.4041 -1.3342 -7.9005 1.5797
-6.7904 -48.4593 3.1337 1.5611
-34.0636 -8.2895 -17.5017 1.5657
-3.3689 -25.4809 -28.5975 1.6382
32.0077 27.4636 26.2359 1.6575
-14.6109 -20.1921 29.3053 1.6149
-4.8145 25.7528 10.1864 1.5536
-4.1183 28.9813 12.7934 1.5031
-3.2225 -31.3830 -16.0181 1.6401
8.0015 -39.7957 -9.7523 1.6160
11.5539 -17.6025 35.6621 1.6072
29.1487 33.5010 35.5886 1.6387
43.1020 -2.1915 -15.8524 1.4874
-25.9395 -13.4721 -11.0442 1.5790
