-48.4838 10.8269 -29.7717 1.5055
27.6962 32.1397 23.0309 1.4164
48.5101 10.8842 -1.5983 1.4941
-45.5451 -13.6603 6.7027 1.4972
-36.9198 0.1675 0.2234 1.5198
-37.5069 43.9185 19.4194 1.3770
-17.7443 -27.4235 -6.8788 1.4045
-38.8686 18.6737 -14.8000 1.4911
-11.7666 40.1898 22.0132 1.3931
21.9245 -48.1563 -9.3423 1.4483
-29.3270 31.8574 16.2164 1.4330
-1.3689 -31.0153 13.2000 1.4633
-38.7134 5.9778 39.2992 1.4105
32.5578 -25.0140 0.7101 1.4402
21.7070 34.9419 -9.0244 1.5279
-11.2708 -1.1960 16.5887 1.5207
34.7075 40.9771 11.9484 1.4646
19.5151 -42.6524 6.8116 1.4810
-43.9869 -28.9347 -7.6180 1.3658
-17.2628 42.5917 -40.9021 1.4589
10.9047 -25.3383 6.5732 1.3408
-15.7104 -41.2765 35.3992 1.3861
-48.6613 5.5194 14.1266 1.3649
3.0965 23.6929 8.9585 1.4983
-29.3222 23.7058 -10.2891 1.3688
-39.9149 -0.0160 7.3036 1.4177
20.9314 -45.4115 -12.1855 1.3635
-0.3074 -37.6704 -12.2051 1.3593
-10.2217 -16.7178 7.8354 1.5373
-2.8579 14.5663 9.2656 1.3812
-1.4810 48.5537 47.1267 1.4401
16.4060 -24.9960 0.2107 1.5053
43.1875 -32.4487 -21.8705 1.4600
16.9794 -48.5051 22.0242 1.3967
2.8063 -14.2031 24.6952 1.4650
-30.7144 10.9656 2.2691 1.4424
-34.1690 -1.4772 17.4171 1.4362
41.2231 -30.0161 -3.3013 1.5321
-28.2133 -18.7145 6.7262 1.3960
34.7346 -33.8672 5.5894 1.4918
24.5071 -47.8989 34.6789 1.4428
24.9168 47.7898 59.6328 1.4915
42.6199 -21.3465 1.3985 1.4175
-26.8215 36.8916 -2.2224 1.5158
26.7737 25.5001 2.4801 1.3942
-10.9331 -4.4847 6.0295 1.4080
44.0806 -15.4851 16.3420 1.4990
-2.0252 11.7840 -3.0928 1.5213
-48.6624 -4.2233 14.1350 1.3515
11.2102 41.8232 -28.5708 1.5274
-0.3896 -20.0222 14.1262 1.4427
-23.8637 -36.2968 13.5964 1.3547
-6.1698 -35.1537 19.1812 1.3759
33.9101 -11.3510 2.6308 1.4701
1.4059 -32.1803 6.6329 1.5155
-6.1021 -23.3093 -0.7933 1.4073
48.6574 -2.0432 -7.8533 1.3503
-3.9768 -45.0062 -6.6089 1.3415
-31.4019 -38.3927 25.0856 1.4290
-42.2671 -15.4270 21.7586 1.3501
-1.5131 -33.9393 -18.2245 1.3852
41.7456 -35.1704 -6.2061 1.5316
29.6897 -5.7938 7.4920 1.5179
-25.9947 -28.1185 31.6990 1.5077
-29.3386 20.5942 -4.3552 1.3908
-10.9668 -48.5580 9.3896 1.4455
-14.9830 35.3987 3.0396 1.4125
39.5245 -9.5885 7.4208 1.4895
-23.8007 33.0703 47.1605 1.4400
-26.8480 22.1203 9.6500 1.4710
-17.7020 -22.3814 6.5484 1.4438
-21.1613 -42.3263 -2.6244 1.3454
2.1181 -5.4173 -5.7913 1.4250
21.8060 41.4252 -3.2814 1.5239
44.5576 24.8108 36.1532 1.5237
5.7659 8.1883 9.6471 1.4817
-32.4029 -14.1595 -26.1194 1.3944
-8.6109 40.3280 9.5410 1.4852
40.1883 -19.6804 8.1657 1.4655
-28.1737 -9.9355 -6.9799 1.4083
4.8521 35.0059 3.5878 1.4751
-45.9014 0.7153 -5.7233 1.3707
39.3227 22.8975 -2.7218 1.4255
-3.8493 27.5582 -9.4022 1.5135
-14.2179 -31.6686 -6.9204 1.5033
29.2899 43.6413 -9.4596 1.4036
9.1808 -48.6349 40.8371 1.3833
-8.0655 -1.5712 -16.9144 1.5162
-1.9307 -43.1823 6.6937 1.4076
-40.3021 -24.0327 6.8884 1.4748
2.5550 -23.5188 -18.9697 1.5288
-41.7499 5.4207 -3.3917 1.4552
5.5034 -15.5107 -5.5996 1.4690
-48.4859 8.0985 20.3575 1.5092
-35.2791 23.4951 -3.9445 1.4254
17.5145 26.7275 -9.6499 1.5223
36.9719 -11.5197 -29.7939 1.4172
-33.5976 -11.0825 -16.7620 1.5005
32.6306 -5.1712 7.4630 1.4743
-9.2274 48.4852 -47.1223 1.5197
-25.0454 27.8826 3.3815 1.4340
12.0763 -33.4420 -6.1395 1.3807
1.0985 -44.4012 6.2180 1.5276
-11.8459 45.3918 15.7513 1.5215
32.8706 9.4153 8.0170 1.3670
48.5001 8.1734 48.6916 1.5137
11.7593 -17.2903 0.5796 1.4657
3.7313 -33.9780 1.2218 1.4239
40.9244 -23.9399 18.8929 1.4614
38.1437 36.6608 -8.4351 1.3937
0.6790 32.6769 21.9442 1.4947
-42.8470 -18.0955 28.2259 1.3990
24.3381 -2.7768 7.5043 1.4269
-3.4295 -48.6106 -15.6903 1.3827
-4.4478 -39.0221 -5.2529 1.3750
-25.7170 -4.5391 15.8541 1.3927
-25.6826 30.8081 -2.5771 1.4488
-4.6444 -6.2884 15.1234 1.4208
-45.4972 -16.7267 -2.0215 1.3714
13.3658 -14.5632 -5.2625 1.5189
-28.8986 -27.8182 5.8467 1.3581
9.5181 9.8334 21.7606 1.3627
29.5051 -34.2968 2.5783 1.4366
16.1181 -21.8982 0.2523 1.4896
-3.3258 -0.2112 7.2904 1.5345
6.7889 13.9539 -15.6507 1.5245
4.2270 -0.8195 -17.9472 1.4744
-41.4858 2.4411 -0.0173 1.4141
-24.2300 20.7138 9.7257 1.4875
-4.0088 -27.4404 -6.3154 1.4112
-28.7282 44.3800 29.2483 1.3963
34.7788 -42.1654 4.8532 1.3840
-7.3882 -32.4708 19.1506 1.4544
-15.9783 -48.5376 40.8149 1.3864
29.3348 -2.8456 26.2929 1.3680
-9.9747 -42.5504 12.0383 1.4839
-30.2255 -12.2325 -6.1112 1.3626
10.1244 38.4405 3.4232 1.4962
4.3141 15.4948 15.7673 1.3703
-20.0796 6.7272 21.1011 1.4865
36.2025 9.3733 1.6701 1.3524
-42.7293 -12.4996 -6.5913 1.5275
-33.3610 16.2519 -7.2511 1.3480
26.0648 -10.3440 13.8910 1.4418
13.0301 19.4755 27.7883 1.3727
6.7188 -48.6254 21.9960 1.3855
-32.3182 -28.4483 12.5885 1.4971
-15.7574 -19.7460 6.7765 1.4840
6.6257 -33.8618 38.3720 1.4688
35.5586 29.3357 -8.8978 1.5310
0.1745 24.5546 28.2736 1.4654
34.8763 -2.9839 13.0373 1.4894
-48.5436 -17.3879 33.0246 1.3562
-42.1937 20.6941 -26.6724 1.3645
-0.9800 -23.1713 13.6614 1.4415
6.5937 -25.8456 12.2886 1.3531
48.5549 -17.1873 48.6427 1.3515
-5.8640 45.7578 3.1593 1.3784
40.1028 0.8785 1.3803 1.4298
-19.5788 -32.8384 19.1473 1.5014
-35.2186 45.0601 25.6449 1.4522
-29.7506 -40.8017 17.9695 1.4886
44.9344 -22.9010 20.0449 1.3479
-7.2300 -41.0878 5.5842 1.3691
-16.2560 22.0547 -15.6906 1.5375
0.4293 0.2187 15.1023 1.3784
-15.2202 24.9750 -2.0885 1.5155
21.4228 -36.9233 6.4461 1.3626
-39.9821 22.8070 12.0730 1.5371
0.5123 45.8069 -9.7958 1.3483
26.8500 -4.3000 26.3111 1.5116
18.0251 23.8888 -9.6894 1.3520
22.3569 10.0087 20.8081 1.3383
-8.9335 -8.4867 -9.6155 1.5221
-40.2775 33.5140 -36.8497 1.4563
45.8873 -13.2087 -3.0898 1.3736
-3.2545 -21.5023 -17.9989 1.3701
-19.7959 48.3531 -38.4137 1.4158
-12.6011 -10.1219 -21.5007 1.5201
0.6491 10.3717 15.5100 1.5014
-17.4718 19.3307 -3.0231 1.4093
-31.3782 29.8270 10.1052 1.4480
-6.7034 4.9938 -10.0471 1.4534
40.4767 4.2175 7.8156 1.4280
-3.9554 -15.2048 6.7640 1.4750
-9.2683 35.0081 -2.9471 1.3574
11.7068 29.3122 2.7741 1.4437
-20.7896 -16.7472 30.7686 1.4890
44.5054 36.4561 30.3409 1.3984
10.4250 21.2535 3.2376 1.5359
13.0157 16.6511 15.5185 1.4529
-9.1492 6.8748 -15.0079 1.5130
-1.8930 -40.2912 13.2757 1.4871
-36.3443 17.1368 -14.5476 1.4633
48.6603 0.3431 -39.2736 1.3446
-4.3197 -32.5937 32.1070 1.4871
44.6022 -18.8466 -4.9916 1.5041
-12.0061 48.4719 9.4424 1.5226
-0.6596 21.6857 3.1388 1.5122
19.1980 19.9560 9.0853 1.5037
26.7288 8.7618 8.0283 1.5334
18.9509 37.1791 21.5982 1.4863
47.7294 -25.0818 -14.3024 1.5182
-23.8458 36.0822 15.6002 1.5342
-37.7108 -37.5968 8.1291 1.4709
30.5182 18.0433 49.2752 1.4370
36.6232 -39.5467 1.4510 1.3703
-6.4722 -20.3969 5.6082 1.5035
-8.1716 -14.4461 -5.8393 1.5153
40.5668 30.9453 13.0704 1.3529
-8.3552 -48.5218 15.7580 1.4674
-29.8186 -43.7381 -18.6646 1.3871
-13.2909 42.7105 21.9410 1.4634
-3.6097 30.5473 -9.5314 1.3833
-22.7587 -30.7611 13.9077 1.4776
-13.6596 12.9282 -21.8642 1.4009
37.3885 -19.0181 -30.0676 1.4033
20.7121 22.6458 27.4943 1.3838
18.1818 -8.4033 32.5119 1.3523
34.7221 3.1005 7.4588 1.4641
15.7246 -28.4935 6.7725 1.3822
38.6708 -43.0184 16.3328 1.4677
-27.5349 10.1637 -21.4614 1.4396
-15.1709 7.9933 9.0322 1.5318
-13.5024 -48.5901 -15.7165 1.3935
18.7131 -27.0051 -14.5117 1.4467
31.1708 -13.2154 13.5586 1.4814
-48.6427 -1.8052 -17.6088 1.3602
27.5602 17.7047 -16.4269 1.4318
35.6188 6.6237 -5.0711 1.4560
-48.4760 -9.4208 1.5823 1.5264
-12.8510 26.7158 -22.0886 1.4277
-36.7690 -34.8794 0.9826 1.4048
-0.8375 27.3635 3.1047 1.5070
-22.0849 22.7028 -9.1273 1.4244
16.4155 -5.7308 26.5295 1.3381
13.5721 -24.1821 25.5206 1.4065
-46.8060 -30.2534 -10.7431 1.4572
-33.6474 -45.6647 2.7661 1.5041
-44.0395 28.6290 19.9815 1.3843
37.3068 -14.4155 8.2966 1.4726
43.2172 14.3214 -23.1490 1.4341
23.9584 -38.3952 -6.3800 1.4339
3.7279 -26.3387 5.7685 1.3985
-15.7578 -7.1061 23.9526 1.4799
36.4635 22.7333 4.0470 1.3740
30.7996 30.9559 12.8065 1.4619
24.0767 -27.7236 -5.4239 1.3457
35.1180 -27.0387 25.0478 1.4203
16.8066 30.8591 21.7815 1.4767
7.7742 -28.8530 25.2054 1.4723
-31.0540 -6.4739 28.1273 1.4650
-28.3907 12.9121 -14.9986 1.4069
10.3981 -14.8083 0.0689 1.3744
10.7782 5.1919 15.8577 1.4593
37.5017 4.3698 21.0771 1.4629
34.1140 32.3484 -6.4884 1.4836
7.6155 -20.8129 12.5010 1.4032
-47.0895 28.9765 -30.0790 1.4856
-0.8642 30.2479 -15.7184 1.3779
37.8985 39.8209 -1.4844 1.5217
-27.6382 15.8370 28.6248 1.4745
3.8470 -45.7075 19.2191 1.4681
27.0230 -47.5813 15.8785 1.3890
26.9963 -1.2600 7.5261 1.4440
-36.4919 -32.1449 2.6581 1.3550
39.6058 13.7058 31.9220 1.3896
20.0618 -13.2215 19.7375 1.5130
1.3541 -11.5971 5.6753 1.4747
2.1712 36.0395 9.7294 1.3562
-16.0440 11.5991 7.9102 1.3598
42.4975 18.9263 -3.9143 1.4098
34.8984 -30.6122 17.5703 1.4528
18.5282 17.0158 21.5592 1.4561
-36.8625 28.6009 28.8700 1.4708
-37.0904 31.6855 15.4261 1.3953
43.9032 -37.2742 -14.5838 1.4927
-19.9809 24.5680 9.6074 1.3952
3.5635 32.3998 9.4819 1.4034
4.5769 -11.5664 -17.1373 1.3755
37.6553 -35.4561 25.8949 1.5344
-48.6714 0.5982 14.1718 1.3382
27.0892 -43.8529 25.7600 1.5030
-11.0748 14.3725 2.9659 1.4038
-11.0461 31.6163 21.9512 1.3751
48.5775 -4.5112 36.1209 1.4248
7.6436 -45.6134 -43.8399 1.5292
37.6458 -29.2304 24.2207 1.5213
39.1330 28.4517 24.6129 1.4905
18.8565 -23.0699 7.0414 1.4773
26.2136 20.2186 -10.9008 1.3617
27.7258 38.2048 9.3248 1.4747
-24.9242 47.8859 31.8553 1.4143
-48.3334 18.3265 -17.4543 1.4924
36.4686 12.2503 14.5399 1.5261
9.7535 -35.3144 -23.4729 1.5208
-4.9123 2.4381 1.0298 1.5099
3.5024 9.9681 15.7169 1.3782
16.9327 3.1833 -11.0665 1.4962
-18.5127 -40.5966 10.6858 1.4471
45.7867 0.4277 -4.2184 1.3970
-26.8684 25.2079 -27.7238 1.5185
17.4952 -36.8185 -0.5433 1.5194
-22.0679 -8.1665 9.9809 1.5123
-44.9427 -25.7981 -4.5123 1.4371
32.1111 42.8373 -27.6703 1.4527
-39.3570 30.1251 -1.7422 1.3701
18.0940 -30.9410 25.8238 1.3923
-16.6473 37.8005 3.0363 1.5104
18.3450 10.7529 7.8185 1.4360
31.8199 -46.3861 -34.2557 1.4302
18.5043 42.4567 15.6133 1.5073
8.8263 30.0495 3.0435 1.4367
34.2267 -45.5646 53.7993 1.3957
37.6853 31.4266 -7.7840 1.3736
2.8663 26.6600 9.5037 1.4743
-20.2491 42.0667 9.5172 1.4830
13.4003 39.8618 2.9687 1.3653
-44.8506 12.6049 19.4023 1.4581
48.5507 -12.2744 17.2653 1.4360
13.3298 10.2965 -15.6827 1.5051
8.9268 48.5229 -3.3405 1.4824
-19.1721 21.7090 2.8139 1.3731
-3.1949 -11.9353 20.7696 1.3819
-21.8039 14.2835 3.7708 1.4372
44.3063 27.8006 -2.4679 1.3618
23.3384 -11.0225 13.5643 1.3651
-39.8471 9.1517 8.2883 1.4096
27.0739 41.4058 20.9567 1.4025
23.7907 7.5135 -3.5167 1.5239
-23.5338 -14.1296 7.2484 1.5192
-18.6637 16.6674 -3.0677 1.4619
8.6435 27.1068 -15.7864 1.5049
13.4094 34.0888 -34.7073 1.5011
3.3034 29.5383 -3.1205 1.4367
22.8277 -8.0747 -11.6178 1.4045
3.7321 12.7735 15.8118 1.4164
3.3640 45.7054 15.5968 1.4693
-40.6251 -36.9187 11.0294 1.4593
32.6934 46.1502 9.7771 1.3893
-23.2664 9.3045 4.2154 1.3677
-5.7798 -12.8710 -5.5369 1.3520
-35.9557 5.5328 10.9466 1.3591
11.0219 32.1373 21.7680 1.4669
-20.5229 0.0195 11.7913 1.4102
22.3232 48.1982 40.8890 1.3952
32.9837 -22.1429 1.5330 1.4038
43.2655 30.7013 -11.9095 1.3557
25.1958 1.0633 14.1474 1.4230
37.9880 -1.3976 -29.9580 1.5244
17.6404 -11.2295 38.7067 1.4542
8.4872 42.8502 9.4227 1.3906
6.4179 19.6849 -15.6147 1.4692
-14.5419 -28.0779 19.6949 1.4899
45.5583 34.1257 42.7984 1.4350
-33.8683 31.8267 -3.0644 1.3690
-42.1422 30.9415 -29.1267 1.5141
39.5013 42.3919 -0.7033 1.4626
-24.1613 -45.2939 20.9813 1.4410
22.8549 2.7414 -11.1646 1.3791
-33.5030 9.2163 22.7012 1.4490
21.7255 -22.4302 0.5100 1.4227
-48.4945 -12.1683 1.5783 1.5035
-24.2554 -0.4013 5.3861 1.4164
-42.7858 23.6703 -18.0847 1.3864
43.1896 -12.6089 9.1134 1.4027
-3.8698 17.2406 -9.5694 1.4834
-33.9105 -19.6198 -12.9891 1.4652
-13.3708 20.9326 -2.9284 1.5345
25.1132 11.2308 -11.6793 1.4051
48.2287 -19.7376 10.9223 1.5170
-34.1650 -25.0892 20.4814 1.3647
-42.1210 -26.5337 8.0782 1.4197
-28.5850 39.6388 -8.8498 1.3386
-45.1120 21.2370 33.4927 1.4942
-27.4999 47.3836 -12.4936 1.4924
35.3371 -6.2169 13.6409 1.3962
-15.7709 -4.1350 9.8959 1.3604
32.1266 1.6215 7.7257 1.5106
-31.0898 -46.5720 -15.9899 1.4817
-30.0094 -30.3368 9.7888 1.3473
0.8265 -41.4172 18.5806 1.4273
-9.2204 -11.5656 -15.6540 1.5348
-9.2469 19.1244 9.3562 1.4791
-15.0984 45.4936 10.6300 1.3797
-32.4770 -31.7205 12.8657 1.4323
-44.2631 3.4982 -7.7292 1.5105
44.0623 -29.3250 -17.9959 1.3563
30.8850 33.8104 -2.1204 1.3574
34.7206 -37.5321 8.4285 1.4141
-24.2172 45.0292 22.3263 1.3979
0.6423 13.3353 -28.8290 1.4689
-29.2897 -4.0886 9.7519 1.4993
32.4239 27.9993 39.1675 1.3638
-22.7803 25.4614 3.7530 1.3478
44.9218 -2.9913 -11.4500 1.3482
6.1556 31.1621 16.1025 1.4290
-25.9340 18.2679 22.3302 1.4937
-4.0542 6.2538 -22.2819 1.4759
-40.8447 36.6405 -9.2264 1.4260
-13.6156 15.7543 9.7974 1.3613
24.5488 -16.5852 7.4632 1.4554
-38.8496 -7.6405 -19.0430 1.4532
-17.8249 26.4069 -9.4971 1.4435
-30.1170 46.8662 44.1468 1.4565
13.7981 -41.0154 12.3367 1.4099
-36.6636 20.9724 14.9023 1.3984
24.4951 40.0216 -21.9882 1.5152
31.7864 12.0776 -10.8159 1.4328
-6.4032 7.8565 -9.7668 1.3715
11.5961 48.5433 41.3377 1.4594
16.6762 -13.9679 -24.2570 1.4426
-27.1424 -1.8762 22.3648 1.4613
40.7206 -41.3289 41.5988 1.4567
-6.1234 29.3554 -9.4745 1.3842
37.8201 16.0341 28.5560 1.5035
20.6532 12.4139 1.4674 1.3515
-48.5848 15.7772 39.2944 1.3573
16.6931 34.2897 9.1964 1.5222
-4.7153 34.7840 27.8750 1.3714
-25.8319 39.7839 9.7456 1.4338
30.3339 36.8147 16.2696 1.3826
-47.9448 23.6110 -4.7985 1.5029
32.0567 -30.8867 8.1090 1.3957
27.7624 2.5431 20.5544 1.4089
-29.2445 5.4937 -0.3727 1.5132
47.1338 29.1885 -7.6299 1.4064
-6.5420 -17.1483 -3.7876 1.5005
18.2186 0.2058 -11.0276 1.4693
-38.7846 -4.5181 -35.8786 1.3448
22.8402 -5.1555 26.0474 1.3890
-45.8452 -2.2437 -37.2592 1.4932
29.7696 25.6086 27.4870 1.4627
-21.8303 -20.0736 13.0811 1.5047
-39.4769 -10.9137 -0.0771 1.3991
-4.4778 -41.9554 5.0081 1.3817
-33.7719 -34.3582 -12.5292 1.3771
31.8029 15.0370 -17.1163 1.4600
5.2816 4.6070 -2.5129 1.3594
-24.7226 15.1937 -8.8001 1.4724
15.6535 -33.0698 30.7478 1.4940
28.3761 -8.5357 0.9230 1.4814
11.2349 -45.5899 6.3595 1.3776
-35.8209 -27.4492 16.9763 1.4177
5.2284 -7.7523 -0.2111 1.4006
4.2151 -48.5870 28.2479 1.4243
35.0329 45.2170 34.2325 1.3837
6.0516 11.1089 -15.6266 1.4146
1.5812 38.7770 3.4938 1.4441
12.5753 26.6421 2.7415 1.3684
-22.3616 48.1225 25.4614 1.4486
-8.5087 30.6646 -9.4862 1.3404
-27.4100 -25.4450 25.0784 1.4135
21.4923 5.1823 20.5243 1.4139
-5.8611 15.1569 -28.6403 1.3986
37.3243 -32.2632 1.1568 1.4850
-1.2452 43.6421 28.0571 1.3896
-22.9446 -5.2505 27.8429 1.4674
-25.1304 -19.7622 -4.3116 1.4480
-2.4083 -3.1841 8.6496 1.5214
-7.3518 10.5478 -3.2997 1.4747
31.2476 -9.8153 0.8835 1.4995
27.7947 12.3667 -11.9389 1.4771
32.1722 -35.4757 10.9580 1.3999
48.1993 21.3913 -1.4732 1.4667
11.1898 -22.5874 0.3555 1.3387
1.1297 48.5508 -34.5557 1.4441
23.2320 -30.7102 0.1123 1.5063
26.9102 -23.2828 -5.1808 1.4612
-14.2639 -15.5607 26.1527 1.4660
-48.2597 20.9694 32.9289 1.4412
-20.8732 -45.2944 24.2089 1.4176
-2.2002 33.1195 -15.5826 1.4099
-37.4383 -22.0670 -1.5725 1.4813
-12.1347 7.4197 16.2770 1.4979
-21.3292 11.3920 -15.3547 1.4731
-14.1118 1.8700 34.1393 1.3681
-16.9322 -30.2464 -0.0664 1.3441
-31.5312 18.9321 17.3375 1.3502
-2.7576 24.7602 -9.3811 1.4746
6.9231 16.8702 21.9076 1.3750
-16.1314 -38.2362 5.7299 1.4613
19.7236 48.2952 -15.7133 1.4776
-33.8940 -39.8132 -6.2076 1.4511
39.7180 -12.4197 -10.9263 1.3377
-7.8554 -5.7376 -22.0358 1.3386
0.9376 41.8265 -3.4835 1.3985
-0.4720 35.3190 3.2471 1.3898
-43.1341 38.5221 38.7341 1.4686
6.2355 -39.3007 6.7824 1.5090
44.8997 -25.7987 2.3737 1.3737
15.6979 18.7009 21.7750 1.4058
-17.3154 -10.0245 2.5582 1.4710
-39.3522 -32.8581 14.4538 1.5133
39.2980 -16.8817 15.2471 1.4682
22.9303 14.0501 1.6405 1.4001
22.7423 20.4566 14.5059 1.5145
11.6549 7.8987 9.7139 1.3748
-4.0138 48.6467 15.7066 1.3689
35.7248 -21.3205 -10.6373 1.4382
5.5927 -18.7014 -18.8505 1.5033
-42.1385 -39.7881 14.8335 1.4726
-29.3190 35.0922 40.9703 1.5183
2.5676 -37.5724 0.2651 1.3757
-44.8711 -22.7668 -11.5176 1.4164
-22.9767 39.1228 10.3003 1.4787
-1.7290 8.5342 2.7271 1.5113
-45.6552 33.8431 38.9068 1.4470
-32.0143 6.6353 12.4511 1.4853
32.2668 39.0417 22.0332 1.5240
-31.6025 -17.4273 18.0672 1.3841
-27.6180 -21.6364 -1.1579 1.5228
-48.5591 -6.7312 1.5675 1.4478
-18.3984 45.3564 22.1857 1.5242
33.7814 -15.3796 0.4061 1.4364
-13.3306 29.7534 -15.3409 1.4480
36.7130 -24.4483 33.3078 1.5253
-18.2153 -36.1506 -1.0206 1.4974
42.1014 11.6163 -23.4238 1.5003
6.2614 48.5490 47.0986 1.4564
-19.7244 -25.3435 12.7254 1.4689
30.0508 -22.1520 -4.6381 1.5366
13.2881 -20.6251 25.6636 1.5247
45.6298 4.0294 7.9141 1.4024
22.4065 -19.2647 -24.3040 1.5124
48.5300 13.5346 29.9258 1.4553
48.1210 -22.4187 54.8876 1.4651
15.2194 45.6056 -14.9072 1.4894
-39.0904 14.3053 8.7072 1.4926
-25.2472 -7.9777 -20.8276 1.4965
45.5973 -6.4686 -4.5012 1.3901
25.5668 -7.1437 -11.7599 1.4584
-27.1167 -13.7494 18.3173 1.4316
48.5883 -14.7738 -39.2593 1.3709
-1.2733 38.0948 9.3219 1.4966
3.1064 18.1185 -3.2530 1.5105
15.3132 -8.3967 19.9784 1.5121
39.0717 33.9474 -2.0801 1.4704
-36.7089 -40.5791 5.3530 1.4200
16.2688 40.1438 -3.5250 1.4599
-22.5894 29.5851 -9.5045 1.4569
10.1490 -11.9739 13.0228 1.4666
-23.9558 2.9316 1.7112 1.4452
-18.2083 32.3781 -2.1005 1.3672
-33.2046 42.7489 -9.2751 1.4533
-11.8518 -20.8558 7.3260 1.3441
42.0067 21.7685 -23.7244 1.4777
41.2459 -14.7252 8.0036 1.4411
-41.3588 16.9961 4.2380 1.5040
-32.2526 3.7149 12.0653 1.4405
19.4298 -48.4361 -3.0875 1.3600
-21.3929 19.9249 -2.8781 1.4355
42.9771 2.5414 33.0510 1.4396
-18.9650 39.4764 -15.8016 1.3472
-18.4906 35.2158 35.9235 1.5004
-16.7302 -13.1653 16.8717 1.4144
21.5319 -0.1255 -30.1628 1.4650
2.6920 -20.2850 5.3485 1.4279
-11.7216 -44.9514 3.7784 1.3663
-32.4106 25.4707 3.5008 1.4201
29.5584 0.2360 7.6557 1.3869
5.9215 37.7590 9.5137 1.4189
-9.2630 -19.4336 9.3440 1.3410
42.6450 -9.6917 13.8594 1.4810
46.4186 31.6631 5.0089 1.4522
-17.5681 -43.6347 6.0629 1.5001
37.6531 -4.5557 0.9610 1.4540
36.7357 -8.6682 32.6069 1.4268
21.0148 -39.7330 1.5348 1.4330
48.4515 5.4198 -20.4383 1.5365
27.1229 -13.9239 -5.2817 1.3492
28.2934 -19.8520 14.0474 1.3524
7.7993 -9.6199 -0.2221 1.4657
-10.3415 42.7040 21.8597 1.4570
-8.2254 1.5456 10.5603 1.3820
29.0240 -31.3230 9.1343 1.3815
-21.9591 -27.5508 19.4355 1.4635
-45.5145 6.2683 -6.9542 1.5222
20.3129 -6.5268 -24.1413 1.4851
2.3183 4.5327 9.4680 1.4301
15.6167 12.1528 3.2064 1.4252
39.9022 -6.4794 39.0072 1.5076
-24.2631 -25.5939 -5.5846 1.5280
41.5443 25.4651 1.6078 1.5273
-35.0358 2.6089 -17.8859 1.5173
28.7634 -11.4800 1.1374 1.4909
-48.5831 3.0454 -4.6816 1.4042
-18.9298 -2.7439 -7.3745 1.4448
5.6957 1.8272 -9.2279 1.3813
-4.3980 -9.1895 0.5843 1.4330
10.5552 -42.7339 13.0874 1.5275
30.0608 -44.1048 12.9271 1.4307
-8.9149 -45.5803 -11.0649 1.5144
24.3388 33.4005 -2.5514 1.5310
-36.2691 -10.0478 34.6303 1.3743
34.2299 -18.4782 -10.5090 1.4291
-34.3639 -16.6289 0.2386 1.4935
12.9148 37.0333 15.5768 1.4908
10.5123 1.7160 32.8066 1.5185
42.5220 -39.4878 29.1592 1.3890
14.2738 48.4838 9.1379 1.4898
26.0024 -34.6643 7.2044 1.5302
10.1615 -7.9843 20.0829 1.4039
-26.6642 -30.9774 6.4211 1.4180
31.5731 -19.5677 -5.0472 1.4497
-28.5433 -38.0117 -25.8399 1.4484
-36.0568 14.2244 22.9575 1.4619
32.0303 -2.3261 13.7012 1.3757
-6.8132 20.7129 -8.2943 1.4331
-15.5838 31.5061 -21.7187 1.4095
7.5715 -42.0284 -4.7170 1.4683
13.8685 -36.1115 -12.4898 1.5208
-6.5057 -43.9762 7.1652 1.3796
-19.7434 -29.5186 -0.0797 1.4588
-16.2330 14.5851 -21.7945 1.5106
23.6432 23.2849 -3.9498 1.3595
-39.6706 -19.9523 -16.1175 1.4122
45.7198 15.5780 14.5356 1.3773
-42.7651 -0.4806 -11.6020 1.4668
-34.5551 37.1414 -2.9420 1.4560
-29.9419 27.0205 10.1468 1.4728
-30.2988 42.0003 10.2363 1.4568
7.6199 35.5549 -15.5152 1.3493
-45.4877 -10.5556 14.5400 1.4497
37.2629 1.4835 1.5538 1.4502
13.1072 -26.9338 2.0845 1.3860
15.9650 37.1032 2.8194 1.3413
-38.8622 26.1967 -15.4476 1.4063
-30.9010 -9.6344 16.8290 1.3393
27.4276 -37.6327 -4.9068 1.5222
24.2287 36.6364 21.9717 1.4578
20.7493 -3.0314 20.1151 1.4916
34.9862 14.8997 20.9941 1.5149
-18.8878 13.1272 3.3485 1.5242
-26.5692 4.3055 19.7396 1.3721
-47.8201 -25.2665 33.1178 1.4271
-33.2942 39.7848 22.4583 1.4350
26.7650 -26.4559 0.9443 1.4965
-21.1620 -39.2529 13.7272 1.4653
12.1666 -0.9481 -10.9589 1.5306
-4.8730 12.5789 2.9493 1.3686
29.0547 -28.2253 -4.2362 1.3961
-48.0319 -22.6132 7.9472 1.5139
-25.8895 -47.7533 40.6622 1.4107
-25.5069 12.3094 -2.6970 1.5174
35.8291 34.8461 35.1067 1.4870
48.5824 -9.7093 -45.5306 1.4327
31.0615 21.4259 32.1392 1.3921
20.6231 -10.0262 -11.1759 1.5268
28.1211 -16.9155 14.2009 1.3620
-30.9033 -25.7506 -14.0867 1.5106
7.5640 40.1330 -2.8400 1.4621
23.9186 -44.9246 32.2769 1.4812
28.2100 6.0333 -4.6372 1.5224
2.8023 1.7566 28.3224 1.3743
-33.7684 -4.3609 3.5678 1.3940
26.4340 -29.5338 -10.6243 1.3709
3.4028 -40.1827 -12.1494 1.3781
-5.6632 40.3002 -15.4594 1.4627
-26.7391 33.4844 22.1098 1.3727
-42.2304 13.9557 -0.1793 1.3628
-18.0644 29.2285 -9.7560 1.3830
-38.2306 -43.2303 8.8210 1.5269
-42.1306 10.8474 -10.0707 1.3403
10.0967 12.5030 2.9483 1.3697
-13.4758 -42.8687 13.0926 1.3615
26.9698 35.2688 3.4160 1.4299
-24.1784 -22.5825 13.5290 1.4672
-30.3633 -35.6410 0.2851 1.5205
-44.1287 -8.0973 32.8251 1.3577
1.0683 -35.1569 -12.2868 1.4603
15.3428 8.2648 8.3116 1.3516
-13.7365 38.1321 9.3899 1.4162
23.0305 -33.7078 -0.3974 1.4368
-24.3689 -42.3279 18.7486 1.4248
-17.2858 48.4915 22.9084 1.3961
-7.8772 27.0385 -28.2943 1.3863
47.8677 24.0682 11.0978 1.5200
15.0967 -2.1070 -5.0963 1.4507
6.2226 45.6241 3.1696 1.3756
-34.8254 -37.1278 6.5672 1.3444
-23.3651 -48.0466 53.2733 1.4239
-32.3204 0.7745 -26.8638 1.5003
10.8963 -28.7652 -18.4092 1.4882
-15.3856 40.4287 3.2588 1.4088
8.5819 23.9502 -21.9545 1.5371
-15.5516 28.0444 4.6161 1.3446
15.0351 24.8438 28.2825 1.4422
-0.9760 -48.6395 47.1324 1.3777
-3.2464 -36.4575 -17.1198 1.4699
-10.6126 28.5586 34.2948 1.4775
48.6069 2.7839 4.7108 1.4030
45.3758 18.5027 -16.2828 1.5154
-48.4819 -14.8553 -10.9884 1.4668
-42.6965 -5.7558 -5.3568 1.4058
-14.9232 18.2682 -15.5525 1.3475
14.7171 -17.7473 13.0204 1.4908
27.6144 47.3609 -40.4474 1.4982
37.2972 43.9141 30.9910 1.4772
-38.5092 2.7284 -11.9027 1.4739
12.7414 13.6922 -15.8513 1.5183
28.2184 22.9377 -3.0085 1.4001
-18.2296 2.6152 7.7428 1.4880
-6.6885 17.8268 15.2369 1.3971
-39.8551 -13.8841 34.5347 1.4994
-10.1202 37.8951 -21.9233 1.3753
13.8273 22.1999 8.8727 1.4557
24.4633 -24.7574 7.4323 1.3482
-30.2828 -22.7529 5.3535 1.3578
2.4112 20.9165 -9.4274 1.3690
12.3176 -10.0948 7.4989 1.3863
33.7974 -8.5039 7.0478 1.3647
0.0347 -25.9038 13.3767 1.4553
-9.6997 3.9588 -21.2784 1.3491
25.5252 4.5612 13.9360 1.5154
21.4664 44.5288 -15.9868 1.5266
-13.1754 -37.3302 0.0128 1.3487
32.8599 5.4810 1.4498 1.5225
45.2056 -34.9647 35.6765 1.4313
-36.5343 -2.9861 -33.4870 1.3889
-12.0598 35.8042 16.1416 1.4549
30.0479 8.7332 -5.6530 1.3713
-1.4959 -17.3264 17.0051 1.4544
33.0379 35.9380 -16.8834 1.4328
32.7576 23.7599 26.7165 1.5006
19.8344 28.9992 21.8067 1.5227
11.5855 24.0160 -3.5050 1.4428
10.2162 15.3221 2.5852 1.4540
41.1015 36.1870 -14.3647 1.4834
-1.9393 40.9209 -22.0944 1.3825
8.5053 7.2709 -4.2661 1.3903
-5.3779 -3.3539 21.8436 1.4642
8.4274 -23.6296 31.2801 1.4451
29.8000 40.8870 3.8386 1.3408
-12.7044 -6.9432 -13.2918 1.5238
-44.0540 18.2977 1.7556 1.4070
-9.9915 25.1309 22.1164 1.3786
21.6114 -16.4252 -4.9377 1.4420
8.0312 0.1334 1.4504 1.4177
7.2510 -2.5900 14.4405 1.3989
48.5272 -7.1069 -26.7045 1.4735
-20.3382 -13.8208 2.8627 1.4665
30.2335 46.8583 34.1537 1.4262
-12.8052 10.2559 22.4535 1.3913
-23.5444 42.0238 16.2611 1.4781
42.1116 33.4207 11.4971 1.4041
-21.1848 -35.4929 -5.7140 1.3804
-7.2368 -38.2631 -0.9177 1.4893
20.5752 25.4770 -3.7120 1.3891
43.0436 38.6103 -19.8029 1.4742
15.7040 15.8693 9.6968 1.3407
38.7888 7.0456 8.0090 1.5065
39.1579 10.8473 -3.0285 1.5080
-41.1744 -29.6760 -6.5030 1.4577
45.3081 21.9648 -1.5388 1.4018
-30.1152 -1.2415 30.3543 1.4711
-26.5217 42.5781 3.4041 1.4429
-45.7663 -5.6243 4.5317 1.5071
-41.4171 -8.9037 17.7650 1.3875
-20.9615 36.9185 9.8970 1.3887
-3.9668 20.0906 22.2340 1.3521
22.8461 -42.1372 6.8578 1.4404
-25.6709 -38.7481 -18.9795 1.5155
16.3062 -42.7502 -25.8406 1.4598
-0.7314 18.7296 3.1042 1.4437
-28.9158 -33.0009 0.3863 1.5018
-12.3196 -40.2283 32.0524 1.5293
-43.7272 -37.6043 39.8317 1.4848
-16.1365 -33.9996 11.3078 1.4063
18.7596 -15.9357 13.7111 1.4095
-5.8493 -48.6803 28.2497 1.3463
-2.7953 46.0038 9.0651 1.3423
32.5474 -28.0659 6.2368 1.3385
30.3160 3.9639 7.8800 1.4350
-27.2736 -42.3618 12.3866 1.3961
-7.2158 37.6852 59.6992 1.4792
-28.4569 -47.1874 34.3489 1.5015
-25.9349 7.7670 -15.1713 1.4390
-4.2108 37.7686 16.0527 1.4310
-14.0462 -22.4168 6.9555 1.3532
-21.1801 -22.9074 6.8492 1.3757
10.3888 -19.8502 -18.1758 1.4342
12.0258 -38.5485 -12.9649 1.5222
-41.7410 26.4206 -5.9087 1.3462
-10.1531 21.9046 -9.5400 1.3544
-19.0016 -19.5041 0.8275 1.3865
2.1756 7.4446 -9.3623 1.4798
14.6491 -11.8606 7.1759 1.4597
40.1021 -32.8097 0.4628 1.3561
-16.3020 4.9580 21.8435 1.5298
1.2641 -2.5642 -15.9868 1.5110
-41.3956 -3.2803 -1.5896 1.3707
-6.5424 48.5772 -78.5384 1.4327
18.3961 45.5491 9.1035 1.4890
4.8812 43.0754 15.8531 1.4930
31.7034 -41.3325 -17.7453 1.3389
-41.9864 -34.3101 0.1939 1.4532
28.5251 -41.0436 6.8207 1.4848
23.0983 -13.8922 7.2208 1.4862
14.9941 28.4298 3.0746 1.5220
-13.4023 -34.5561 0.6617 1.3568
-22.1076 -2.4213 51.1020 1.4950
-44.9933 -35.1594 -10.5608 1.5268
-1.4531 -45.9253 12.6188 1.3578
30.7203 -38.3046 13.2304 1.3925
-40.4207 -41.7375 8.6873 1.3854
44.7057 10.0681 3.2397 1.4994
29.4324 -47.1312 22.2203 1.3565
-32.4686 34.7681 2.8744 1.4868
3.6891 48.6208 28.2882 1.3929
7.5989 -13.2927 20.1921 1.3722
41.3724 8.6426 14.5296 1.5250
14.1666 42.6072 4.6834 1.4897
8.3170 32.9430 -2.9922 1.3568
25.4694 -20.4687 -17.6883 1.5337
4.2053 40.1197 -2.9523 1.5066
35.0712 38.1537 -22.6142 1.4058
-38.1021 38.7218 -9.1288 1.4760
-20.5452 27.3437 3.4175 1.4288
21.7671 16.7033 -3.9752 1.4244
-37.2511 11.5554 22.4302 1.4683
21.7700 38.4209 15.4590 1.4023
-1.1842 5.6266 15.3746 1.4576
-12.2955 23.6319 -21.8344 1.3635
-42.6173 -21.0229 18.5983 1.3538
-35.4392 34.3353 16.4217 1.4131
14.9973 5.4208 7.1265 1.3649
-48.2843 -19.9186 -4.6443 1.4695
40.3514 -3.4774 1.1304 1.3604
25.3054 15.7953 33.6588 1.5136
-14.7147 48.5063 22.0206 1.4540
39.3177 20.1117 -19.6597 1.3797
22.7500 27.4426 21.3382 1.4712
4.5100 -3.7515 1.9504 1.4433
-46.1347 -32.7507 14.4741 1.4000
14.1084 -45.2942 17.7670 1.5261
-1.4703 -9.5841 -12.3108 1.4911
25.4219 -40.8736 -17.8026 1.3619
-21.2971 45.2598 9.4628 1.3452
13.0736 3.2048 20.1153 1.4405
47.6172 26.7007 42.5767 1.4174
28.8948 15.1437 8.7987 1.3798
-38.0384 35.7548 3.8427 1.4280
-36.0820 -44.7528 40.3611 1.3695
-39.8270 -16.9827 -23.9080 1.3991
-37.1627 -24.9551 -7.7700 1.4243
31.1560 -16.2806 -12.0447 1.3386
-33.9188 28.3966 16.1733 1.4675
12.7709 -7.0389 20.0691 1.3627
9.0380 45.6131 9.3642 1.4299
-31.4670 37.4182 10.4494 1.3543
-41.3966 40.5886 0.8955 1.4936
-14.3005 -1.1426 -9.5336 1.4947
12.8525 -4.0716 7.8273 1.4744
-1.0575 -6.5025 10.2225 1.5195
-29.6833 -15.2386 -7.8234 1.5109
-23.3173 6.5158 -3.4334 1.3500
0.2824 16.1393 3.0817 1.3469
-4.3866 9.8160 40.5666 1.4429
-42.5155 8.1457 3.1753 1.3729
-18.8921 -7.2034 14.4282 1.5231
-13.2347 33.2510 9.3840 1.3594
-22.5917 17.1876 9.5876 1.4151
7.3655 -5.8297 -10.7230 1.4567
5.9081 22.5782 -28.1667 1.4652
-20.9024 33.3959 28.5458 1.4776
13.9056 31.1855 3.1344 1.4454
-0.7267 2.7650 8.9966 1.4188
1.5942 -48.4645 -47.0044 1.5020
5.8773 28.1792 15.7656 1.4530
-22.2272 -11.4013 2.9576 1.5218
-8.9959 16.2338 15.4779 1.3818
14.7894 0.8193 7.5845 1.4953
-21.1297 3.1777 57.3630 1.4123
-4.1018 -18.7469 -16.1350 1.4139
5.6380 25.3837 9.5450 1.3570
-45.2229 -19.7446 -5.5467 1.4991
-30.5288 16.1750 -4.2464 1.4150
19.9918 2.6462 -4.8740 1.4870
-32.6839 46.0039 -31.1250 1.5243
-36.8294 -19.0898 4.8669 1.5074
-47.5892 26.3127 45.3554 1.5038
-36.4300 41.1551 66.0437 1.4804
-5.8454 -29.6754 -5.9623 1.4645
34.6283 26.0222 21.1781 1.4407
34.3354 20.6800 -17.9319 1.4624
-18.2598 9.0456 -4.3311 1.4380
42.2228 -1.2168 7.3417 1.4533
-17.2095 -16.9739 0.7288 1.4719
42.6530 5.9714 8.4930 1.3434
-12.8630 -18.1777 -5.4277 1.4887
-17.1695 -0.1618 19.6173 1.4574
-30.7880 -20.0891 17.3661 1.3653
42.7737 -5.6681 -17.7475 1.3663
-11.3307 -13.6433 13.5415 1.3767
-45.4332 9.5996 2.5129 1.4930
-7.1037 42.9600 22.0761 1.5064
-32.6901 -42.5000 12.0875 1.4846
8.1755 4.0962 9.4883 1.3743
-44.5280 36.2399 -5.3350 1.4708
-39.5406 42.4508 0.5456 1.4001
-11.4935 -32.5498 -0.1182 1.3586
5.0105 -30.3293 19.5940 1.5152
-13.9548 -12.6498 17.0098 1.3579
18.7622 -18.8724 2.6477 1.4335
-20.8587 -48.3025 53.2992 1.3916
-6.8300 -26.9651 -17.8348 1.3774
-11.9579 -26.5810 0.7448 1.3950
-33.9266 12.1818 31.9025 1.4690
-26.8450 -35.4114 14.4783 1.5269
-47.4597 -27.7705 20.6105 1.3819
-24.8392 -33.1817 6.3206 1.4389
9.8425 -3.9987 1.6274 1.4932
40.0307 -37.8077 1.9583 1.5248
-38.3317 -29.9951 -9.5342 1.3659
17.8834 -2.6796 26.2207 1.3964
-36.2542 -6.3338 -6.2684 1.4497
-26.8134 1.2244 17.0977 1.4664
10.5049 35.1686 3.5081 1.5122
-43.3815 -31.7348 5.4106 1.3841
10.4735 18.2375 15.1172 1.4723
-3.5362 -24.6164 6.0187 1.4634
-39.2808 -27.2138 4.6152 1.5040
-12.0744 18.1845 -2.9455 1.5001
45.6240 -9.3614 7.5570 1.4922
-48.6527 13.3738 1.5075 1.3432
29.5772 -25.4069 7.6502 1.4556
13.1152 -30.7742 6.5017 1.4610
-9.0881 -28.8337 -5.2910 1.4903
14.3944 -48.4637 28.2887 1.4924
-11.5666 -23.7336 0.3545 1.3944
-0.1352 -14.3362 6.2018 1.3529
12.1329 45.1082 -9.5031 1.5135
38.6053 -22.1328 13.2532 1.3720
1.2743 -8.3887 22.0585 1.3733
36.5007 -44.4613 -2.6424 1.4095
-15.1317 -25.1846 31.7670 1.4261
5.2232 -36.4708 1.0177 1.4132
46.8378 -30.0754 -1.8319 1.4670
-18.4172 -48.4846 65.9225 1.3576
41.4607 40.6844 24.3097 1.4026
17.0054 48.3782 34.6691 1.5114
34.7201 -0.0082 -17.6069 1.4590
-4.8415 22.7170 15.6759 1.3583
38.9518 -26.4755 21.5691 1.4987
33.8083 17.6876 21.4544 1.4874
-11.9381 -29.4215 19.0059 1.4173
-28.1005 29.2385 -27.5349 1.4109
46.1676 -32.5844 35.8054 1.4163
-37.2242 -15.7529 38.4706 1.3919
-7.1466 33.1499 -15.8496 1.4574
47.5341 -27.6428 23.3829 1.3511
-8.3294 13.3756 -15.8712 1.5178
20.7137 -29.1265 -1.8730 1.4239
-14.6715 -45.5934 81.7961 1.5137
48.3489 18.7518 61.2385 1.4725
26.4324 44.1642 8.4229 1.4296
-8.6569 45.4547 3.1961 1.4318
4.1520 -42.8570 6.6965 1.3960
-3.9350 42.9364 15.2997 1.3824
17.7500 14.0294 28.2860 1.3867
16.6165 21.3986 -9.1842 1.4528
-34.7417 -30.0348 -6.5375 1.3977
9.1139 -39.3933 6.0390 1.3627
-29.5552 2.4356 -4.4655 1.4874
-33.0687 -22.5371 12.7012 1.4335
-33.6315 -7.8553 -14.8797 1.4347
23.0743 30.7495 3.5967 1.3760
-45.6601 15.6043 -18.1053 1.5093
-11.1842 1.6926 9.8218 1.3642
20.6139 7.9017 -11.3844 1.3961
-8.7674 -22.1374 -5.2295 1.3744
42.0343 -17.5580 1.6070 1.3381
9.2945 -32.2933 25.5981 1.5177
45.2651 7.2018 20.0313 1.3953
21.5429 -25.5154 -4.5767 1.4992
37.6728 25.4416 25.7756 1.4676
-10.0700 -35.4605 -1.6453 1.4750
29.2044 28.4747 -3.9862 1.3726
-10.1612 -38.2902 13.0629 1.3464
-36.5602 8.5990 -8.8061 1.5294
42.3013 -27.0542 -9.8082 1.4925
-46.5882 31.4890 7.6026 1.3601
0.7042 -28.8238 6.9923 1.5098
-10.0740 9.6470 3.6079 1.3790
40.9915 16.4057 21.1968 1.5363
48.4843 16.1348 -1.5411 1.4447
11.7306 -48.5227 -40.8362 1.4711
-25.4698 -11.2404 30.0202 1.4307
1.5149 -17.5078 -19.9118 1.5032
26.1237 29.2629 28.1806 1.5160
-8.9353 -24.9765 -41.7065 1.4799
-7.7458 23.4129 -21.7245 1.4186
-5.6945 25.3343 -9.4402 1.3762
5.5690 -22.9099 -6.1962 1.5051
18.0536 -39.7552 -13.5948 1.3684
8.2134 -16.7367 12.4746 1.4722
19.5165 31.9187 -3.6068 1.4023
45.7920 12.7504 -16.4872 1.4069
-24.2310 -17.0030 25.8807 1.4440
