-2.1264 -0.5123 -165.6774 1.7674
-45.2707 6.9148 -70.6017 1.6783
0.7254 24.4671 35.4742 1.7560
3.9736 30.4099 242.5453 1.7591
10.6959 30.4324 -94.1309 1.7817
25.8160 -42.2506 183.9397 1.6389
5.1212 45.3960 -53.5621 1.6664
32.1871 33.5605 76.4882 1.7530
-45.2161 10.1822 537.5611 1.6549
-12.9231 -8.5826 -162.1738 1.7102
-9.5459 -23.9266 98.8501 1.6949
37.0874 30.9045 -144.8287 1.7251
-1.0595 27.4110 388.1938 1.6723
-6.0425 36.1662 -30.0773 1.7021
-24.4015 45.2349 -52.9938 1.7898
48.3177 -34.5236 -151.4815 1.7826
39.4916 -24.9279 138.3469 1.7265
21.4932 13.0689 -192.3913 1.7428
34.1293 -33.4138 -78.0978 1.6277
-6.6003 -45.3361 202.7108 1.7208
-48.5630 42.9917 49.3570 1.6026
-48.4068 -17.6953 -3.8517 1.6480
-42.6022 -17.8629 -249.3809 1.6268
44.2106 -45.3886 -274.3469 1.7602
1.6772 -20.1202 14.3825 1.6307
-39.4794 -16.3437 212.7087 1.6796
-10.0527 -10.1433 202.5309 1.6253
21.9276 -10.8870 38.4581 1.6211
-41.9453 38.6895 -385.2781 1.7992
48.4279 8.2489 12.8429 1.6430
-29.1669 -45.6019 15.3484 1.7020
35.5102 39.3735 -2.8293 1.7672
19.0076 -12.4344 249.1553 1.7219
-48.4416 21.7309 15.6659 1.6586
44.9996 5.7761 433.8429 1.7269
23.6258 -33.9654 -21.8126 1.7042
3.3070 -45.2673 -51.8987 1.6981
39.7391 -19.2319 391.4977 1.7939
45.5476 32.2575 49.1189 1.6579
-24.6515 -21.7496 -133.9310 1.7536
-8.3079 -42.3065 164.1961 1.7047
-12.8685 -12.0284 -6.8709 1.7534
-48.4128 12.8602 -152.9742 1.6794
-32.1414 -36.1098 -194.3269 1.7777
-14.2108 5.1359 119.2491 1.6560
-39.4183 33.3702 235.5816 1.6699
-32.0586 -29.3113 35.6929 1.7609
48.2922 -31.3693 -5.4783 1.7832
-24.1840 7.9386 305.5877 1.6133
-44.9473 45.3440 -144.8481 1.7892
12.3758 39.5296 83.6018 1.7046
4.9145 -28.6283 -172.2912 1.6166
12.7815 -2.5389 -2.6895 1.6378
-39.2169 43.3499 -243.5059 1.7320
-30.6206 -8.3537 -78.2804 1.7774
4.0306 -1.2797 48.7566 1.6692
39.1110 -30.8252 386.9236 1.6122
18.4609 20.9889 71.7677 1.6034
42.0526 4.1658 -55.7675 1.6909
48.6977 -43.1009 -105.6496 1.6120
45.5247 -26.7487 361.4585 1.6470
28.1063 -24.5062 -266.8686 1.7935
-38.6881 40.0032 6.9548 1.7798
40.7106 42.2688 140.7324 1.7696
24.9597 -25.5700 -11.9643 1.6527
29.0201 -30.7604 -60.2004 1.7073
2.2232 27.4618 -8.3580 1.6744
25.3968 -45.5073 40.5162 1.7514
-18.2674 -29.6637 58.1232 1.7019
11.4447 -48.3210 85.8219 1.7329
36.6508 20.6323 140.8548 1.7057
1.1927 0.1614 470.9468 1.6072
-41.6653 45.5542 -10.7342 1.6869
8.4324 -33.5653 -197.2444 1.7857
-15.8856 -13.7928 97.4203 1.7855
-39.0994 36.6411 -0.0548 1.7436
-20.1465 15.7442 87.6143 1.6562
30.5371 36.4836 -218.3117 1.7471
21.4937 2.7571 -68.0360 1.7274
-6.1038 9.2847 265.3662 1.6702
-26.3068 48.2776 111.7562 1.7369
-37.7007 48.4829 112.2496 1.6326
42.2836 10.7003 62.6439 1.6874
-42.5361 18.6472 -10.5052 1.7754
-4.6656 -2.8392 -269.9558 1.7652
-32.1936 -45.7386 -215.5147 1.6654
39.5811 25.6483 -185.3517 1.6452
32.4623 -36.2853 45.6954 1.7780
-48.3708 -14.6096 230.5438 1.6694
48.3284 -18.9984 202.9450 1.7367
-4.9575 -42.2004 323.1680 1.7907
-30.5225 21.9721 47.7669 1.7171
45.5376 -36.3712 310.9968 1.7308
-30.6190 18.5879 -75.7724 1.7711
-33.4719 13.4852 200.1656 1.6873
33.6828 -17.4084 67.6546 1.7842
45.3664 22.1621 289.2091 1.6791
-21.4630 -48.3256 87.1561 1.7623
48.3246 17.0287 -191.7950 1.7362
13.0794 -45.3346 -50.6303 1.7816
-12.5660 -48.3800 165.3554 1.6959
15.4365 21.7571 -194.0658 1.6425
-6.3276 -32.5061 172.0887 1.7894
-26.7724 30.4714 -114.1943 1.7834
-39.2313 -2.9262 160.8903 1.6289
-45.4864 26.1617 50.1969 1.7756
4.4729 -18.3211 73.9556 1.7276
-26.0775 -45.5404 129.9181 1.6858
15.5908 2.6742 -13.4187 1.7233
36.3837 14.1154 -215.9171 1.6556
33.0878 5.7445 54.9751 1.7566
-9.5042 24.2046 336.6653 1.6609
-1.3582 -15.1249 -213.9510 1.6888
-44.1966 -45.9243 -16.5331 1.6446
48.5213 25.5650 -213.3268 1.6369
-21.7779 -30.5175 212.4361 1.6546
-48.3781 40.0474 79.9015 1.7107
16.2589 -21.0156 -132.3154 1.6827
39.2123 33.4174 110.6519 1.6333
-26.3828 36.0939 -48.2840 1.7807
-39.8946 -38.0708 343.1162 1.6200
19.2932 -25.6769 160.6565 1.6246
16.2677 -45.4405 -66.5313 1.6985
-30.3183 1.7872 -84.3811 1.7515
-10.9329 4.2396 -134.5307 1.7963
-6.6966 -0.0129 431.0438 1.7864
2.0530 -48.3165 -162.8892 1.7363
22.2854 33.5792 -70.6777 1.6760
-48.3004 -5.0406 -360.9726 1.7493
-7.0307 -15.5134 -106.9312 1.6731
-45.5827 20.0292 409.7822 1.6582
24.7835 -12.4361 51.2143 1.6458
-20.0429 3.4073 35.8513 1.7163
-14.9444 -30.5536 -11.8799 1.6483
6.7678 0.5069 56.9516 1.6299
27.4158 5.8279 -60.4902 1.7458
-21.5577 10.1938 -2.6634 1.6245
6.5584 -45.3260 191.2202 1.7581
-21.3120 -42.4566 4.6726 1.6322
-48.3140 -1.8888 -75.6102 1.7484
-24.4353 27.9011 188.2631 1.6143
-42.4095 15.2256 -53.6957 1.7894
30.2678 7.5618 -110.3332 1.6099
-39.3641 10.1382 263.6760 1.7037
-15.0260 18.1548 326.3352 1.6346
-39.4412 26.8956 -84.8535 1.6474
-33.5728 -6.5396 -178.4330 1.7589
42.4507 30.6098 82.6992 1.7459
39.6050 48.3388 -110.7465 1.7307
-36.7784 -21.6311 61.7572 1.7929
-30.6148 8.4258 -161.9794 1.7273
24.9788 20.8856 103.8810 1.7513
-45.9967 -43.7272 112.3234 1.6181
20.7174 42.1266 95.0259 1.6264
-12.6820 10.8681 -276.4980 1.7034
33.9719 42.2934 156.0853 1.6150
-9.5356 30.1797 57.8230 1.6134
36.4686 -9.1687 422.8661 1.6403
-24.6236 11.2059 197.2397 1.6917
44.2581 -39.4937 -210.7122 1.7633
15.5682 12.6678 244.2494 1.7140
5.2420 -32.1828 -20.7354 1.7505
24.5604 14.3417 -64.2873 1.6098
19.0049 39.3832 296.2274 1.6309
-2.6677 42.3149 323.3398 1.7994
-4.4398 33.2486 -46.0596 1.6402
-0.8130 14.5810 149.5192 1.7774
-48.4758 4.1149 -292.7110 1.6245
19.1393 -15.8758 113.2596 1.7989
-24.5361 -1.6271 -0.9330 1.6102
10.0886 -14.6369 -265.4203 1.7735
-15.1491 21.3671 51.0201 1.6138
30.7328 -33.4978 -33.6359 1.6002
45.3606 15.5716 -45.6733 1.7840
-6.6885 -22.1925 -203.9845 1.7182
20.7693 16.8928 149.7915 1.6354
33.8585 36.4813 337.4383 1.6320
16.8015 -34.3433 -297.7432 1.6777
17.5501 17.8363 200.3372 1.7820
1.5074 -13.2131 66.9149 1.7633
10.8926 -31.2423 42.5805 1.6712
30.5827 -15.6935 -161.7228 1.7099
5.5181 -38.9484 197.5737 1.7153
-1.2171 45.4093 -123.3856 1.6899
-33.3777 30.1291 220.1740 1.7369
4.7534 -25.0519 -31.4732 1.6193
31.6662 -45.4968 84.6622 1.7055
-12.7468 -33.1071 46.9585 1.7508
20.3260 -34.2180 -63.3186 1.6602
15.6368 33.4330 44.1522 1.7978
22.1085 -24.0230 137.4071 1.7148
1.3542 -9.7580 13.3931 1.7749
-0.8978 -25.3799 252.8324 1.7489
45.4510 45.1144 83.2074 1.7252
-22.8484 30.5799 -159.2234 1.6065
-7.3526 -4.9322 -236.4220 1.7489
8.9102 27.4399 350.7711 1.7660
39.3559 -10.9666 -379.6757 1.7844
-36.4364 8.3360 111.6794 1.7740
36.4518 -12.7753 -331.6098 1.7656
15.6363 -0.7699 206.0571 1.7953
39.5501 -14.3696 -88.8398 1.7481
4.2612 42.1320 -115.4224 1.7800
-36.5610 25.2405 47.1671 1.7961
-0.9017 39.2069 122.5417 1.7327
30.8588 27.4296 -416.5153 1.6988
-33.2604 0.2431 193.7260 1.6322
32.1294 39.5163 8.0093 1.7654
-10.9957 33.1864 -350.9966 1.7772
-39.1761 3.5931 162.4989 1.6148
33.5969 -21.0479 114.5708 1.7293
33.3018 -4.3996 -59.4512 1.6490
-7.2654 -8.3980 -26.9585 1.7253
-27.6878 23.6973 81.9084 1.6452
-24.6943 -8.5658 169.0780 1.7395
-21.5385 -17.2891 -409.6753 1.6627
-39.1398 0.3430 -70.2648 1.6651
24.4411 4.3882 -210.3252 1.6457
-1.5652 -8.1568 -163.9747 1.6142
-23.1639 24.8893 50.7696 1.7260
-21.5415 21.9840 169.4916 1.6441
-12.8637 -39.3795 -229.4618 1.7296
27.0009 -48.4150 -335.2147 1.7015
-48.2781 -30.0088 78.5743 1.7937
33.5520 -7.5771 431.5829 1.6554
-36.5274 21.8295 73.4345 1.7086
37.6083 -39.6080 -293.5505 1.7432
13.3786 -29.1724 56.9865 1.6220
13.9599 24.6380 254.4288 1.6937
-6.4976 -29.0336 -471.3346 1.7179
45.5597 38.9917 309.9223 1.7882
18.1836 -42.5060 -258.5897 1.6896
-25.1613 -24.9747 3.6878 1.6666
-36.3381 31.9621 -115.1085 1.7689
-25.5322 -31.1736 81.0448 1.6863
33.2993 12.4351 -74.8880 1.6000
-16.7141 2.7843 83.4032 1.6684
12.9083 -6.2194 -196.9389 1.7191
-11.2445 27.2641 -128.6367 1.7660
-9.6696 -48.3810 220.9472 1.6462
17.4069 36.4596 -49.0630 1.7345
-33.6171 -16.7146 165.5629 1.6960
-35.1829 -45.6727 161.9480 1.6958
19.3675 -45.5391 -48.9801 1.6604
42.1018 -2.5684 -28.6068 1.7418
27.4328 -7.3256 74.6937 1.6359
33.7473 22.2662 371.6709 1.7237
5.7023 21.5542 158.5241 1.6075
-0.9628 -22.0272 193.5455 1.6822
38.9268 39.3634 -240.7168 1.7386
42.6592 48.3630 261.3286 1.7342
18.6445 -2.4721 102.4202 1.7269
34.7129 -45.6620 -29.0967 1.6688
-30.6792 -48.4573 -319.6940 1.6363
-10.8867 45.0788 -202.3747 1.7212
-30.6972 -39.2416 -292.3646 1.7248
-3.3390 -34.2475 -181.0289 1.7455
-14.5613 27.2600 -26.7861 1.6650
-45.4754 -16.1604 -114.4679 1.7475
30.3731 10.8904 -99.5892 1.6398
30.1875 -2.5305 -113.8697 1.7836
-4.2460 2.5271 309.5978 1.7363
-5.7420 18.4845 -80.5817 1.7300
41.0367 -27.9063 -290.8902 1.6508
-45.5555 -22.4148 112.3117 1.7059
-6.2144 -39.0817 -16.7347 1.6169
39.2374 -42.5222 204.6668 1.6515
30.8735 24.0555 232.6868 1.7749
23.9538 36.4674 178.8009 1.7366
-45.7704 -25.4704 1.3345 1.6181
-31.4843 39.7274 -137.0466 1.6216
-24.8014 -15.0636 19.4732 1.6717
-48.3099 1.1828 162.8816 1.7147
-38.2306 -45.5438 -179.1632 1.7180
-39.5555 -42.4264 -175.2422 1.7327
40.9127 -39.6945 70.0306 1.6571
-16.0105 30.3318 -390.0075 1.7545
-33.6086 20.1391 -190.5428 1.6570
-27.7245 16.8627 143.6127 1.6653
-29.2512 48.4380 -75.0104 1.6373
-20.9812 6.8018 224.5576 1.7962
13.9859 30.5234 40.8879 1.6001
-30.6736 -18.5206 -206.0814 1.7649
27.3879 15.9331 7.8972 1.6657
48.4572 28.3755 289.7447 1.6370
4.4541 6.1241 79.4294 1.6867
-26.5410 -39.3680 -130.8077 1.7911
36.5968 27.5310 69.3142 1.7832
-18.6225 -22.5216 78.6942 1.7523
45.0070 -0.7869 140.4742 1.7392
-7.0362 12.4025 -253.6654 1.6236
-7.6275 45.1826 -32.2720 1.7365
12.8996 -9.4947 -70.8759 1.6761
7.5986 -23.3370 -267.6040 1.7542
-42.0264 -32.7651 397.4736 1.7880
-36.5240 18.4740 -188.3919 1.7826
27.8899 25.7863 -10.9672 1.7718
-22.2623 13.3639 -99.1220 1.6401
27.2863 -27.8998 252.0992 1.7581
-24.7920 15.3931 -185.0244 1.7090
-15.9067 11.5066 -293.6732 1.6588
3.5775 48.3122 -14.9365 1.7804
-14.2304 45.2782 -375.2103 1.7813
-37.6600 -28.2663 -121.2750 1.7742
-12.0034 17.0222 -92.3760 1.6990
-10.1559 -6.7599 -201.6081 1.7146
42.3062 -30.8470 -31.8940 1.6319
-29.7091 35.9737 -51.6954 1.6542
33.8293 29.7282 -25.0382 1.7723
-4.3263 -13.6723 -386.2072 1.6979
9.8726 9.0250 236.8309 1.6921
-27.5709 27.0480 76.5416 1.7692
-18.0405 -42.4928 307.1989 1.6986
35.4500 33.6745 -598.1146 1.6576
-14.6170 -36.5352 -271.4762 1.6355
9.8369 -45.3183 -56.3618 1.7362
45.4167 35.6057 16.0188 1.7449
-14.7813 -42.3958 510.0677 1.6272
48.3620 37.1426 -92.4958 1.7200
-42.3611 11.8684 -135.7252 1.6979
26.2980 45.4710 -290.4773 1.7670
-45.3962 38.6688 -17.0278 1.7442
-7.5743 21.6044 -28.8720 1.6350
13.1036 -39.6745 218.8947 1.6438
-27.6987 -16.8616 178.3133 1.6991
5.3190 -35.5127 -347.6160 1.6236
-48.4635 15.7854 -235.6139 1.6270
18.7163 -5.8449 -162.9353 1.6715
16.4798 -39.6795 -272.5672 1.6643
-21.7266 -6.8963 -104.6775 1.7858
5.8445 11.8904 1.2096 1.7811
22.9078 -28.0961 -57.2157 1.7238
-30.6354 -15.0916 -16.9817 1.7667
-42.3874 -14.6364 211.2585 1.7630
-36.4585 -4.7794 -148.0920 1.6986
11.4166 -36.8323 -353.3161 1.6664
-36.2068 -33.5381 -94.2005 1.6782
13.0059 -12.8135 112.8124 1.7311
-21.8603 -10.4127 296.9215 1.7212
-42.7715 -39.5306 26.7690 1.6512
23.2493 45.6369 130.7833 1.6296
6.5140 3.6653 -284.9679 1.6139
1.4294 5.0887 -344.3014 1.6209
-12.8492 -15.4623 171.7769 1.7288
12.0034 14.4459 300.3166 1.6721
36.0056 4.0169 1.0245 1.6570
-9.4688 -39.2247 -6.8611 1.6657
-3.7733 -23.6915 9.7099 1.6176
-12.9575 -4.9953 -3.2437 1.6848
-1.6985 -4.5930 -17.4345 1.7863
-23.2875 48.3770 -10.9777 1.7161
-29.8242 -33.5949 297.3466 1.6525
23.9727 -39.5291 294.7927 1.7311
-27.6926 10.0916 176.1651 1.7517
4.3670 -11.3294 89.9300 1.6969
-33.3940 -3.1669 335.6654 1.6308
-11.2930 -36.3631 305.8823 1.7760
2.4489 21.5473 -149.6960 1.7245
-0.6738 -28.7529 71.2215 1.7029
15.6870 48.4239 -102.6908 1.6409
-2.6661 48.3311 -238.5585 1.7109
-45.4619 -9.7345 -53.6274 1.6846
34.1971 -39.4675 -191.1487 1.7654
-28.6360 -36.6823 5.8528 1.6783
10.0761 -11.2136 368.9528 1.6482
-21.0954 -27.3127 -132.4150 1.6646
42.6054 33.8799 164.3717 1.7452
4.5042 -14.7921 66.5650 1.7271
-13.7744 14.1228 157.2798 1.7963
-45.5439 35.4265 -182.8289 1.6670
-1.5483 -11.6801 -300.3309 1.7789
22.2358 39.2919 -113.3834 1.6266
2.4227 -33.9923 -210.0050 1.6815
27.4633 2.5216 146.1101 1.6005
-16.2465 -33.5834 -43.2560 1.7560
-45.3036 -31.6575 -73.3338 1.7543
-2.3995 18.4235 169.1383 1.6581
22.3532 -45.7563 -3.1298 1.6223
-24.8858 21.9196 -65.9550 1.7725
-7.5741 3.3627 127.9975 1.7436
-48.4349 24.7184 -108.7111 1.6092
27.6656 -14.0528 -239.6559 1.6892
16.4490 -27.7931 53.7101 1.7967
-4.2465 21.5025 261.3391 1.7410
48.4184 22.7464 -110.1962 1.6416
-34.0150 -39.0054 132.0075 1.6942
-33.5581 23.5126 1.5789 1.7724
-9.4435 -30.4449 -49.6107 1.6182
35.7593 -30.6384 71.8351 1.6193
1.2537 -3.0129 -9.6781 1.6760
8.1764 -36.9298 -200.6204 1.6597
-26.2031 42.3232 77.7614 1.7308
-29.5373 42.3808 -152.1828 1.7612
-33.6967 -48.4707 -30.0952 1.6257
-45.6821 32.3969 511.7217 1.6097
14.9309 15.8147 -138.8242 1.6101
45.4002 28.9804 -71.5208 1.6909
42.5157 27.2805 -98.1670 1.7555
-42.8891 -42.8355 -314.2109 1.7378
-17.9090 -36.5330 110.7035 1.6879
10.6595 -24.6809 -257.8529 1.6232
18.3989 14.4999 53.2175 1.7173
-48.4393 -23.8152 167.6348 1.7151
48.6339 -48.6025 382.1430 1.7054
3.4515 2.5037 8.5834 1.7184
-39.2260 -34.8810 -95.8370 1.6718
-41.2376 -45.7159 -194.1273 1.6602
13.0715 -33.8658 93.5157 1.7771
-19.7956 24.6639 -132.3349 1.6947
45.3716 -33.1031 142.8304 1.6333
20.8642 -48.4384 -36.3918 1.7213
37.3903 -33.5893 287.3245 1.7045
-21.4517 -20.6319 -81.8797 1.7232
-45.4735 16.7806 -108.8421 1.7186
-48.3877 27.7192 61.7925 1.6461
-9.9099 -13.7711 -109.3126 1.7653
-27.7470 20.2525 -57.7637 1.6134
39.2196 5.8395 81.3525 1.6191
-22.9302 36.3255 -192.4122 1.7841
20.5286 30.5073 92.2320 1.6333
7.1391 -6.2627 -298.6991 1.6957
-42.8504 -24.3618 59.0887 1.6445
-23.2557 -33.5849 -336.4815 1.7647
-18.6509 -1.7615 -316.5684 1.6575
-11.5334 -42.3726 -50.2231 1.6708
2.4186 12.5564 305.9491 1.7750
-39.8236 -23.1188 -111.2614 1.6682
-27.5579 -6.7050 -20.6269 1.7624
-33.5114 10.0740 79.9067 1.7312
36.2011 -24.8518 58.9898 1.6066
5.5635 33.3661 -216.0340 1.6509
-16.4926 -45.4487 46.5261 1.7550
33.6224 -10.8285 -119.0973 1.7246
36.1443 0.6482 109.6690 1.7666
15.9979 -14.3555 316.7424 1.6610
42.4689 -42.5028 292.0151 1.6436
22.2180 27.7197 10.6530 1.6390
-45.3039 -6.5423 48.2123 1.7219
-39.4514 -13.0700 26.6171 1.6213
-7.5847 15.6489 1.1330 1.7343
0.4198 48.3251 0.0389 1.7558
37.2742 42.3029 73.7016 1.7433
27.7869 -20.5281 14.0334 1.6394
10.7627 42.4208 -305.1151 1.6796
-32.8058 42.6386 42.7267 1.6625
-16.2535 36.2081 -103.9355 1.6862
-23.7117 4.7594 248.8120 1.6456
48.3804 -12.8648 -523.8370 1.6765
13.4393 -22.8223 -218.6004 1.7059
12.2316 27.4516 -73.6741 1.6303
-18.3858 -48.3369 199.6656 1.7105
9.8902 -39.6591 160.3873 1.6023
36.7862 -16.1339 77.5451 1.6754
7.2873 24.4367 -302.5193 1.6758
17.0917 45.5928 39.2732 1.6605
-34.8330 -42.3437 -22.6147 1.7469
27.5242 42.4292 -68.5014 1.6515
-14.4087 33.3733 -270.9484 1.7293
39.0049 -36.5483 27.1169 1.7098
-22.7783 42.0899 -238.7780 1.7833
21.5947 -7.5763 109.8219 1.7366
-3.9082 -20.3060 271.5840 1.7613
33.4216 15.7059 14.7051 1.7389
7.3194 -16.5659 149.3391 1.6618
-30.5988 11.8045 -102.6921 1.7286
-6.8817 -48.4960 269.8916 1.6006
-42.1217 1.9250 145.3444 1.7060
32.3956 -30.6022 273.3569 1.7682
27.3445 -39.3661 -260.6587 1.7231
30.1570 -48.4008 203.6628 1.7279
-30.6759 45.5535 319.4201 1.7031
-17.8919 39.1823 325.2945 1.6795
14.0937 42.4322 -58.0969 1.6718
-18.8662 -12.0322 90.5211 1.7431
-11.9016 48.2811 -361.7390 1.7598
45.7102 48.3341 465.4870 1.7349
-48.4217 6.9543 -50.7551 1.6299
-0.6354 11.2742 59.5445 1.6060
-36.3303 5.0288 -162.7951 1.6121
-27.3543 0.0705 43.5660 1.7365
-12.3332 -25.6375 -163.5872 1.6369
-21.3061 0.2217 201.1479 1.7232
-42.3217 8.5416 130.9790 1.7394
-30.1369 5.1416 323.0195 1.7129
48.5678 40.0721 -136.7578 1.5996
-45.6829 23.0654 312.8071 1.6005
2.2731 33.3633 172.6114 1.6604
42.7410 -25.1217 -224.8391 1.6517
-48.2654 45.8906 54.9379 1.7304
-42.3123 42.1468 77.9476 1.7709
-4.0919 -16.9385 -161.6999 1.6356
-17.7480 33.2963 334.0866 1.6676
-32.6974 33.4167 -236.9984 1.7328
-33.6302 -9.9823 -28.4095 1.7752
42.4491 20.5849 -280.2315 1.7300
-34.4951 -27.0199 48.5172 1.6620
41.9919 0.8034 -253.0445 1.7764
23.9606 -48.4441 -208.0001 1.6366
-48.4050 33.8536 -0.0920 1.6308
-45.2946 13.4515 -122.0756 1.7001
30.6671 -27.1435 -185.6085 1.7652
-1.5710 -42.2940 30.7539 1.7345
39.3448 15.7772 -112.8787 1.7802
48.4674 -6.9974 -102.2704 1.6376
27.8032 19.1332 71.5767 1.6783
-48.3341 -8.2123 127.7623 1.7406
-10.3341 13.5114 21.7555 1.7732
-1.1382 -18.4615 -141.8768 1.7089
-2.7559 30.3113 -201.2922 1.7472
21.4105 9.5642 -188.6668 1.7859
-33.7490 45.6979 131.0776 1.6460
-7.7973 27.2418 -271.6222 1.7847
40.7814 -33.7126 80.6731 1.7097
-7.6144 39.1691 469.3928 1.7861
-39.4760 20.1872 163.7317 1.6983
12.2529 33.4791 13.2130 1.7099
-12.7020 -1.5422 -395.9693 1.7872
-30.9254 -25.8417 -4.2860 1.7593
27.6466 -10.6648 -120.3283 1.7622
-33.7258 -20.0832 -264.6270 1.7183
9.1039 5.7701 -257.0637 1.7308
-19.7543 -33.2373 1.3130 1.7984
29.1820 -42.3118 -113.3609 1.7865
39.0512 45.1737 -92.4845 1.6643
12.5344 4.2601 176.3383 1.7742
17.4175 42.2917 -154.3599 1.7172
-24.6969 -18.3712 -247.0033 1.7269
20.1756 45.3904 102.7042 1.7512
30.6668 -19.0052 34.4512 1.7545
45.2723 9.0922 -44.7782 1.7584
10.0071 -7.9379 -99.1123 1.6519
-30.5853 15.1893 -131.1005 1.7202
45.3893 -20.6297 -13.2190 1.6935
13.5308 -26.0660 -184.8503 1.6328
-45.6371 42.0051 -29.9905 1.7585
33.2028 9.1655 -74.0176 1.7724
39.1752 -4.2534 200.1535 1.7740
-48.3946 -45.5843 162.0234 1.7323
-4.0646 -48.3812 -140.2110 1.6819
-4.3813 45.2865 118.2405 1.7218
37.8010 -45.4625 -366.4863 1.7188
-27.6360 -27.1803 56.0978 1.7285
-35.9827 35.3420 11.6395 1.7071
-39.4912 16.9210 270.0684 1.6290
8.2346 45.4374 136.6379 1.7152
7.4196 -26.7249 -46.8196 1.6060
48.3170 -15.8909 -34.5124 1.7396
45.4312 25.6150 -82.2981 1.7030
-28.7977 -30.4100 137.7678 1.7659
45.7242 -42.4604 -138.7020 1.7024
-39.6501 -48.4323 -43.0227 1.6219
-0.3051 -35.8214 238.2714 1.6973
39.2867 -48.3623 372.9230 1.7014
-36.1031 1.9199 69.4115 1.6091
-45.2734 -3.2456 -366.2655 1.7622
40.9539 -45.3764 -66.4726 1.6763
1.2655 -6.3482 -475.5267 1.7269
21.7409 -31.2302 -108.5321 1.6898
-15.4664 -48.4736 -298.4012 1.6282
-9.9638 0.9875 51.4799 1.6820
36.2422 -48.4151 -239.1672 1.6488
0.6574 36.2448 113.3110 1.6807
20.9336 24.7824 116.8223 1.6029
3.9549 36.2810 -128.0342 1.7429
-28.0169 -42.4646 -422.1459 1.7141
32.6491 45.3095 122.9859 1.7620
-33.5953 -13.3675 -104.3199 1.7159
-37.1000 -24.9771 -33.0763 1.6887
-15.1507 8.3187 56.0837 1.6948
28.9692 -36.3218 -168.1598 1.7984
36.3639 -5.9801 -50.6590 1.6111
-17.5526 48.4438 274.6606 1.6142
-0.8157 2.6682 -156.5281 1.7275
35.8662 45.3439 -23.0397 1.7188
33.6529 48.4176 190.2904 1.6439
-18.3126 21.7273 -126.7709 1.6433
22.0441 -20.6000 353.0891 1.7254
37.6705 -27.8520 50.1281 1.7841
-11.0149 39.1119 -61.8925 1.7470
3.4727 9.3333 43.0650 1.6919
12.6653 0.8716 -87.9760 1.6871
42.4892 23.9252 -177.2876 1.7695
36.6460 24.0610 32.2746 1.7899
-39.3597 13.5688 191.8266 1.7892
48.2740 2.0796 -44.0694 1.7792
-32.9451 36.7944 -85.4487 1.7528
48.3834 -25.1947 110.5677 1.6661
45.2942 -10.9476 -9.0893 1.7067
-27.6010 45.3140 22.7185 1.6432
-18.1868 -25.9509 -85.6378 1.6949
-12.6588 42.1358 -4.0984 1.7893
-39.5616 -19.6184 147.1838 1.6926
2.2229 -30.5553 -63.6153 1.7762
18.4709 7.6296 -196.9154 1.7928
18.4949 -31.6137 -175.1845 1.6361
-15.1277 -27.3305 -49.7144 1.6910
-30.5501 -4.9272 -139.7555 1.7554
-9.8951 -17.2366 -102.0569 1.7527
48.2666 5.2282 -160.3708 1.7803
11.2603 45.6046 22.7754 1.6509
48.3034 -1.0435 110.0975 1.7517
-42.2391 35.2198 296.9589 1.7921
-39.4107 6.8143 52.9148 1.6657
-20.3540 48.3758 -68.5050 1.6798
39.5612 22.2819 124.5220 1.7115
15.5048 27.6301 251.9898 1.7103
-4.1717 15.4658 -253.9458 1.7238
-40.4889 48.4347 21.8783 1.6376
-42.2645 -7.9506 152.2074 1.6950
2.4780 39.2589 -218.9927 1.6714
-42.3100 5.2253 -72.7427 1.7301
-5.1868 5.9234 -69.2593 1.7827
-33.5964 26.8598 1.0868 1.6415
-48.3404 -33.2108 -32.5863 1.7207
-24.5733 -4.9594 -22.7350 1.7725
-12.6605 36.2066 77.5124 1.6213
36.6118 48.4285 81.4682 1.6741
-48.4437 -39.3766 36.1814 1.6392
1.7648 -42.2416 -76.2409 1.7287
-3.7685 12.1148 -70.0608 1.7179
-42.2767 28.5686 -124.5809 1.7347
42.2786 -36.7225 -84.8981 1.7186
7.1716 -9.6199 -266.2540 1.6111
-21.6601 -3.1557 15.3571 1.7115
-6.0639 42.2405 -219.1251 1.7121
-39.4001 23.4524 299.4675 1.6479
-33.1777 3.4721 168.6394 1.6032
12.7202 48.4249 -171.2189 1.6681
14.1717 45.6880 122.2884 1.6012
30.7966 -39.3039 -365.2310 1.7841
-36.0367 42.1957 39.5539 1.7197
7.4646 -19.8898 -175.6692 1.7535
10.5543 36.4451 -284.5155 1.7768
15.7147 -4.2539 -23.9040 1.7860
45.5842 -23.7207 -51.9595 1.6340
22.5744 -42.6002 -19.5219 1.6890
-45.5551 -19.3045 -18.8752 1.6969
-45.2972 3.5829 -36.1689 1.7584
-3.3521 -30.7705 -141.4349 1.7272
5.5864 15.4206 114.5124 1.7925
24.9233 -18.9311 507.8454 1.6304
-48.4249 18.7319 77.3263 1.6580
24.0847 42.4391 71.1898 1.7758
42.4169 -12.6819 -178.8695 1.6726
15.9086 -10.9569 -217.1586 1.7793
-42.2558 25.1427 204.4308 1.7489
-9.3569 36.1668 30.1447 1.6945
45.6170 12.3404 67.9354 1.6540
36.2261 7.3332 37.5357 1.7887
-36.4591 -8.2149 36.0090 1.6238
45.0980 -4.1976 135.5160 1.7725
-27.6107 13.4933 223.1732 1.7240
-27.7572 -20.3303 111.7690 1.7431
36.2527 10.7920 -244.1569 1.7843
-22.9568 -45.4628 -118.9186 1.6362
7.2447 36.2586 460.0370 1.6558
-42.7086 21.9264 -29.7828 1.6328
14.0489 18.8734 -78.8711 1.6400
10.7523 18.5112 65.7657 1.7246
8.3076 -42.3865 -152.8448 1.6346
0.8021 18.7052 -111.4131 1.6247
39.1471 9.0235 -272.1433 1.6449
-21.0064 45.1052 60.8587 1.7888
48.4498 31.1744 -115.5031 1.6021
-24.3070 1.5665 294.0968 1.6315
-32.1108 48.4161 103.7691 1.6234
0.0648 -45.1833 152.3276 1.6917
17.7450 -48.3592 -30.5196 1.7291
-23.0529 -39.5067 -299.1837 1.7824
25.4156 39.3893 -343.7828 1.6195
14.7364 -36.8556 316.0509 1.7222
2.2570 15.8733 -264.9406 1.6135
2.1228 -26.9284 49.8606 1.6781
-36.8452 45.5329 13.0272 1.6987
-2.6193 24.5117 120.1901 1.6867
21.5274 -4.1518 313.1540 1.6580
-48.6664 -48.5888 -209.1676 1.6482
9.5907 2.3456 -127.8349 1.7819
4.1395 18.5680 123.5311 1.7126
15.6330 9.3907 80.3799 1.6375
33.6063 19.0041 119.5207 1.6063
-4.3865 27.3505 237.8731 1.6857
28.7124 39.3404 -346.5408 1.7622
-1.7649 5.8558 175.2780 1.7501
-30.9762 -21.8974 148.4937 1.6707
-14.4735 39.0712 -141.0563 1.7990
15.3772 -31.5139 226.7772 1.6065
47.9690 42.8905 -193.6598 1.7041
-27.6648 -48.4206 -238.0526 1.6396
10.4563 -21.3979 51.5226 1.7317
16.1747 -17.6987 -213.2589 1.7393
36.1661 -2.7586 107.3648 1.6649
33.0890 2.3482 32.0761 1.7772
17.6777 24.1779 117.0321 1.7287
-36.4738 -36.7617 -86.2845 1.6677
48.4857 19.9406 175.1824 1.6094
-5.7411 48.3087 147.2095 1.7527
-28.2337 39.0873 22.4394 1.7600
-13.4436 1.8985 -60.3955 1.7391
-17.6017 5.9455 -40.1067 1.7358
0.7900 42.1848 355.0843 1.7802
9.8689 -1.0024 27.5499 1.6620
-42.4358 -11.2544 -67.8296 1.7499
9.0397 39.4631 59.0808 1.6590
21.6236 6.1420 125.7034 1.7612
19.6912 -28.7309 -181.4616 1.6372
-39.4225 -9.7599 91.0317 1.7176
-34.9144 48.5051 263.7041 1.6101
-7.6822 33.3407 91.4939 1.6197
-3.6262 -27.3731 -149.6932 1.6308
30.4809 17.2871 71.1790 1.6482
-9.3206 42.1444 -88.9767 1.6266
-21.6946 -13.9293 -234.7751 1.7172
0.4227 8.2988 207.9790 1.6110
-6.2057 30.3783 265.6325 1.7773
-30.6052 25.4281 94.4973 1.7885
1.8991 -23.6042 -314.4939 1.6106
24.4692 1.0159 87.3914 1.7844
-0.9139 21.4653 84.8107 1.6932
-18.6679 -18.8525 -85.6809 1.6508
-36.5705 -18.2095 -33.5884 1.7168
2.6616 -37.2630 77.9005 1.6331
45.3702 -29.8818 175.1925 1.7163
-18.3034 18.4555 306.6528 1.6946
-8.8189 48.2940 231.9608 1.7625
-42.1079 -4.6196 74.4093 1.7846
-5.9402 24.4043 -253.4837 1.7047
21.7246 48.3884 246.9541 1.7158
-15.8149 -6.8650 5.5503 1.7453
-21.2772 27.5986 318.4681 1.6444
18.4700 11.1585 67.4325 1.6522
40.5465 36.4520 -210.1789 1.7261
-36.5885 -11.5329 -38.9151 1.7070
30.7475 42.4830 86.8555 1.6027
-17.8915 27.4228 211.0374 1.7857
8.9370 21.5039 -18.1505 1.6689
39.0864 -0.8906 -20.4168 1.6405
16.3728 -24.3389 -91.2746 1.7039
7.2579 -12.8779 62.0135 1.6796
33.7200 25.7826 -102.2219 1.6608
45.3898 -14.1935 74.0672 1.7354
-13.1731 -45.2241 -35.0002 1.7284
30.5594 30.6770 -188.4128 1.6880
-4.3281 -9.8860 82.8292 1.6532
-48.3607 36.9374 -292.8258 1.7400
7.8193 -30.0412 266.8262 1.6660
-21.1398 39.1558 -270.1526 1.6423
7.0156 -2.7857 108.0639 1.7512
-30.7179 -11.7314 -116.0706 1.6510
1.9698 45.3581 -167.2203 1.7361
-6.8332 -18.7300 87.2213 1.6026
18.6500 -37.1215 60.6291 1.7684
-9.1450 18.7211 247.6235 1.7699
48.3464 34.0783 -126.1244 1.7195
24.6405 -9.1258 70.1986 1.6637
5.1259 -48.3382 147.1853 1.7330
-36.5518 -14.8484 -100.1548 1.7047
-15.4835 -23.9611 66.7441 1.7690
27.2517 36.3251 217.4330 1.6494
8.9704 15.7370 -48.7181 1.6506
25.3499 27.7874 -29.2790 1.6140
10.3983 -27.9336 165.0575 1.7023
-0.0566 -39.2112 75.5423 1.7773
24.0545 17.5782 138.1146 1.7217
45.6020 -48.3981 -198.6131 1.7056
12.5821 11.0894 -319.1191 1.7636
9.3003 12.3669 463.3624 1.7912
37.1965 36.4362 -90.8920 1.7467
45.5290 18.9088 347.8288 1.6682
-36.3279 15.1511 -161.3918 1.6714
39.5368 19.0509 -4.3581 1.6082
15.6198 5.9201 49.5196 1.6041
18.4792 4.2937 551.8732 1.6004
-45.5446 -37.8505 137.0392 1.6968
42.2552 39.2901 -206.1317 1.6580
-27.5395 -3.2852 98.8427 1.7410
34.1978 -27.6630 98.5197 1.7634
48.3889 -4.0805 237.1612 1.7009
44.9500 2.5193 52.2168 1.6929
-43.2808 48.3984 -43.3826 1.6150
25.5724 -36.5879 -241.1237 1.6376
-39.2548 30.1201 -196.0255 1.6961
-27.0738 3.4744 206.8056 1.7840
-48.4327 -20.7299 184.9033 1.6081
30.5364 14.0717 99.1793 1.6163
39.6272 28.8860 184.9789 1.6483
35.8476 -42.5525 161.7793 1.7416
-21.9242 -24.0662 394.3859 1.7216
24.8292 -15.6887 2.2932 1.6179
24.5399 11.0223 -269.8178 1.7917
-18.7944 -5.1120 238.6564 1.7729
48.4997 -37.5142 -61.9548 1.6326
-4.2511 39.3080 -286.7320 1.6946
-12.9305 24.1704 173.0191 1.7508
13.1581 -16.2065 307.2153 1.7549
22.1513 -17.3529 -145.6250 1.6008
18.5706 1.0154 222.7404 1.7151
-15.7733 -17.2338 11.3364 1.7467
-8.5139 6.7139 149.6926 1.7481
13.9829 36.4960 129.8678 1.7839
30.2165 4.0750 228.6361 1.6187
27.0032 -33.5194 -316.5694 1.7569
39.0295 2.5617 -155.8985 1.7887
-42.0124 -1.3008 366.9352 1.6197
27.8068 48.3940 277.0040 1.6544
-42.5297 31.8688 -229.4987 1.6472
-31.3998 -42.5285 288.8743 1.7613
-19.5259 36.3662 97.5538 1.6184
48.3627 -22.1170 113.0863 1.7487
-26.6425 -34.1645 282.2666 1.6548
-24.6297 -36.6149 -270.6333 1.6340
-16.1025 42.1746 18.3884 1.7869
-19.4838 30.4102 -282.9429 1.7515
24.5942 7.6215 92.7708 1.6187
-12.4992 -22.2093 -239.3899 1.7956
44.1549 42.0614 173.7903 1.7684
-27.2150 6.8076 -77.4907 1.6677
5.5486 27.3514 112.6892 1.7379
30.6483 -9.1244 135.9710 1.6907
-39.2533 -6.4654 37.4340 1.6863
4.5675 -21.7248 -174.0382 1.7302
-16.8962 15.4511 17.8241 1.6642
-32.9761 -32.8012 74.0780 1.7195
-42.6372 -48.5184 59.3647 1.6254
-24.8425 -11.8610 5.6876 1.6156
-9.8916 -45.2327 -190.4237 1.6750
-15.8236 -0.2922 -72.7894 1.6268
45.3799 -17.4258 -123.8449 1.7313
30.7469 48.4563 -87.0590 1.6223
-7.1050 -11.8008 396.4104 1.7755
23.8198 30.6328 -234.6987 1.7159
20.6826 36.4727 151.3058 1.6415
-37.2338 -39.9946 -144.0729 1.7330
-16.3441 24.3871 -41.7444 1.7052
-29.3671 32.7433 70.9997 1.6618
-19.6060 -39.4755 131.6513 1.7880
42.1233 -21.8284 -89.4646 1.7530
-24.6945 33.1677 -196.2137 1.6238
-45.7424 -40.8437 277.2162 1.6070
-48.3784 9.8888 -15.7021 1.7024
-15.8656 -3.4884 -387.4172 1.6792
-48.4533 -26.9120 55.7746 1.6417
-15.8190 -20.5681 -124.5732 1.6899
18.7145 -9.1289 384.3893 1.6314
-35.5281 38.8797 223.1799 1.6610
0.6185 30.3547 -274.3761 1.6861
-42.1660 -29.4295 -201.0080 1.6005
27.4615 9.2241 -58.3522 1.7293
-36.6838 -48.4520 130.6774 1.6246
27.3309 -0.7398 -25.4146 1.6918
-0.5032 -32.4747 -49.1845 1.6162
-1.0725 33.3018 285.2936 1.7554
45.3323 -7.6131 231.6918 1.7566
-27.7195 -10.1444 17.5952 1.7363
-21.7338 18.6749 164.6275 1.7814
8.2814 -48.2893 -162.4836 1.7728
33.2180 -48.4233 64.7592 1.6119
-48.5488 -42.3589 -87.4964 1.6088
10.3257 -18.0511 344.0472 1.7048
22.0324 -36.9179 109.8130 1.6348
-9.3858 10.0920 -35.7224 1.7849
15.9300 -7.5948 231.9627 1.6213
-9.3916 -2.2559 -369.9833 1.6770
-3.2545 -45.2296 -281.4187 1.7186
-16.1996 -39.4561 -131.0386 1.7271
29.4755 45.5198 -157.9685 1.7394
17.2694 30.4735 -167.8786 1.7073
14.8106 -42.4425 239.7007 1.6807
33.2362 -1.0777 -306.0794 1.7639
4.2815 -7.9927 -129.8849 1.7149
42.4545 -48.3018 -242.9251 1.7837
-2.8578 8.9536 -321.4262 1.6437
42.3358 13.9861 68.3534 1.7572
12.2141 21.5551 -164.9008 1.6742
18.6751 48.3881 -67.3360 1.6758
11.4776 -42.4293 -431.0228 1.6189
-1.0546 -48.2823 -33.2586 1.7610
25.5787 33.5132 -74.1750 1.6768
27.2240 30.5132 -378.2857 1.7488
-36.2264 -1.3805 -174.0261 1.7862
24.6293 24.4227 -111.4494 1.7692
-19.0539 12.6033 261.1216 1.7657
24.4430 -5.7914 59.6845 1.7423
4.1843 -4.6289 -199.8855 1.7264
28.5611 -45.5795 -125.1608 1.7026
-30.0924 29.3908 198.4780 1.7243
-9.5556 -20.5574 297.8709 1.6999
-18.7876 -8.6216 232.0345 1.7151
14.5980 -48.3340 170.6616 1.7337
30.1707 0.8336 -56.2206 1.6053
42.3596 -9.2990 119.6806 1.7506
-30.4841 -1.5534 38.0986 1.7193
-6.6519 -35.9214 -277.7336 1.6272
-9.4207 -33.6586 -140.1223 1.6282
27.7196 -17.3303 -19.3511 1.6386
-36.4168 11.7840 156.0195 1.7549
-15.8469 -10.3134 -37.4029 1.7682
-45.4075 -12.9455 -302.6886 1.7464
28.8429 33.4719 -428.5561 1.6362
30.7834 20.5983 -158.6954 1.7327
-36.3475 28.5862 -20.4303 1.6620
48.4437 11.1236 203.1770 1.6205
-11.8553 7.5775 230.0650 1.7771
-25.0574 18.6333 14.6057 1.6198
39.3611 -7.6088 -164.0820 1.6953
22.0020 -14.1208 199.0642 1.6534
36.3914 -19.3456 37.0958 1.6393
9.7322 48.3850 162.1298 1.6569
5.0805 -42.2840 81.1221 1.7309
-6.5318 -25.6159 199.3372 1.7888
48.3885 14.0230 -307.9998 1.6438
-45.7530 -48.4560 -92.2842 1.7008
39.2926 12.3583 -135.2081 1.7551
18.9196 27.4433 44.6125 1.7866
-35.1941 -30.4121 146.5335 1.6278
-46.0957 48.3784 193.5289 1.6583
12.8600 7.6512 60.6743 1.7116
6.6972 48.3316 85.3002 1.7283
21.6750 21.5317 -180.6810 1.7741
48.4957 45.7758 154.0405 1.6459
48.3433 -28.2334 84.0631 1.7342
-28.2260 -23.7382 85.7510 1.7252
-24.6368 -42.5521 -145.5646 1.7659
-11.9023 20.8231 507.2650 1.7620
-21.3111 -36.4223 95.8385 1.7540
32.5112 -42.3489 152.2695 1.6051
-19.7908 -45.3624 -343.6762 1.7175
48.6367 48.6474 -65.6233 1.7229
-38.8559 -31.4658 406.0128 1.7521
-2.7147 36.2828 91.8518 1.7543
36.3413 17.3615 -39.9465 1.6562
-12.7058 30.2878 -393.8958 1.6147
-24.7516 39.2287 -87.2609 1.7754
-33.5292 16.8459 112.8245 1.6339
37.8666 -22.1188 -1.7482 1.6352
35.7597 -36.4757 -83.9095 1.6713
-45.5318 29.3440 -138.4974 1.6880
27.9417 22.4010 85.2107 1.6751
8.9007 33.3683 -150.9891 1.7289
33.4192 -14.0877 142.7781 1.6195
5.7903 39.1332 -308.3778 1.6645
-33.8619 -23.6671 -66.7056 1.7733
1.6208 -16.6005 -227.7846 1.7209
-12.2316 -28.8753 122.4873 1.6202
-17.6333 45.2486 -22.3104 1.7605
10.6300 24.4897 93.8678 1.7493
-45.2563 -28.4610 50.2353 1.6791
42.2244 -5.9361 -105.9447 1.6727
-40.5781 -26.6450 161.6451 1.6782
19.0664 -19.2482 393.5022 1.6538
42.3974 17.3118 -16.1017 1.7193
7.4281 18.6019 -324.8879 1.6130
20.4960 -39.9697 304.4514 1.7797
-27.6814 -13.4616 -250.6836 1.6858
42.0816 -16.6302 47.0037 1.7756
27.5662 12.6231 -139.9281 1.7343
19.1881 -22.4676 -16.4294 1.6915
30.3548 -5.8742 27.1706 1.6937
-33.4795 6.7099 -162.4625 1.6579
48.1850 -40.3239 -74.2602 1.6443
24.7988 48.4036 -38.2955 1.6486
21.4975 -0.6958 -238.2870 1.7147
42.2248 45.2002 -308.9159 1.6596
-14.8128 48.4660 71.9743 1.6246
-3.2105 -37.6840 -198.8246 1.7493
-48.3872 -36.3230 70.1771 1.6954
19.0022 33.4352 -111.1566 1.6965
-48.8272 48.7247 22.9972 1.6379
25.1372 -30.6683 277.6008 1.7711
-45.5784 -34.7944 -51.5451 1.6261
-19.4290 42.1221 -30.3191 1.6580
7.3119 30.3964 -59.2136 1.6363
13.3148 -19.5674 26.6812 1.5999
-45.1230 0.1512 -40.4695 1.7795
15.7084 39.4681 44.8901 1.6571
32.9459 -24.4400 64.1086 1.7611
42.0887 7.4510 69.6003 1.7295
30.6102 -12.4041 62.7240 1.7369
30.5224 -22.2449 -36.7417 1.6345
4.0484 24.4174 228.6677 1.6083
-21.1136 33.4139 -201.9088 1.7913
-42.5711 -36.1897 262.6989 1.7544
7.5472 42.2857 -79.3055 1.6220
-24.2917 -28.1343 150.7172 1.7716
-9.5056 -27.2001 -116.3369 1.6408
10.0313 -4.4393 12.6612 1.7982
24.3806 -2.4271 22.0307 1.7066
-24.5996 -48.3554 83.9508 1.7330
-48.4004 30.8010 202.0441 1.6925
-42.5100 -21.0966 328.4665 1.7651
25.0229 -22.2763 124.2130 1.7778
-48.3519 -11.4369 -39.0685 1.7418
48.3523 -9.9035 -90.3667 1.6804
27.2347 -4.0771 518.8011 1.6381
47.5515 -45.7726 -61.2778 1.7670
-12.8447 -18.7938 -124.4469 1.6303
-18.4214 9.2362 71.1972 1.7341
6.6616 8.5511 -101.2877 1.6641
-18.7493 -15.5899 155.5575 1.6688
-4.4251 -6.5925 182.8892 1.7059
