-0.8195 1.3424 -173.2536 1.7674
40.9503 -24.7934 -81.1962 1.6783
-29.4148 3.1271 30.9833 1.7560
-6.0235 -18.8118 256.8901 1.7591
0.5935 -11.1305 -92.9066 1.7817
25.9843 48.4326 191.0643 1.6389
-7.0349 -15.5870 -44.4452 1.6664
-37.8452 39.1800 77.8761 1.7530
29.0005 36.3068 531.3402 1.6549
-48.4255 -45.1276 -160.8513 1.7102
-42.6950 -7.1723 108.0074 1.6949
48.3187 40.1314 -135.3436 1.7251
-42.3928 9.3227 398.3690 1.6723
-45.6338 4.2467 -34.8031 1.7021
7.2574 5.3379 -57.3786 1.7898
-2.8864 30.1300 -156.5019 1.7826
18.1637 25.1832 140.5294 1.7265
-10.1449 -5.9666 -193.2381 1.7428
-21.7557 22.1434 -75.6367 1.6277
8.9475 -27.7802 181.4156 1.7208
8.6427 31.7317 41.3183 1.6026
26.9341 -24.9475 -2.0053 1.6480
17.0172 33.9220 -248.0558 1.6268
-25.6807 -6.4448 -282.4078 1.7602
-36.3809 31.5620 21.7665 1.6307
-10.9261 39.3676 211.4509 1.6796
14.8540 25.3088 196.2111 1.6253
4.9274 -45.6444 30.2177 1.6211
23.2535 21.8528 -383.4592 1.7992
30.6784 45.6349 16.1748 1.6430
22.6825 5.2776 3.3438 1.7020
31.2010 39.1630 -1.7024 1.7672
42.4504 25.4291 244.7281 1.7219
19.3364 15.3106 -0.8059 1.6586
48.3016 10.5633 425.4945 1.7269
-12.5302 15.4474 -30.9398 1.7042
16.1214 15.8832 -47.3897 1.6981
-30.8268 -8.5806 408.5461 1.7939
-13.5357 -23.3944 58.1524 1.6579
18.6332 -27.1003 -136.1530 1.7536
45.3614 35.3503 148.7609 1.7047
-45.6423 -27.3881 -7.5442 1.7534
-18.2727 -33.9384 -139.3602 1.6794
-0.8158 18.1627 -197.3984 1.7777
3.3083 -42.2261 119.2207 1.6560
22.4238 16.0637 236.1310 1.6699
34.1815 -24.8453 33.5063 1.7609
20.4935 -36.7528 -7.5292 1.7832
10.5305 48.4708 308.4336 1.6133
-29.6049 -42.3560 -154.1727 1.7892
-28.9269 -27.3558 81.8553 1.7046
0.4111 29.8410 -168.6642 1.6166
-26.5124 11.4337 3.8454 1.6378
-36.5985 9.4853 -234.4679 1.7320
10.7434 13.8288 -82.1017 1.7774
35.5161 30.1983 48.7439 1.6692
-21.4835 -33.8228 391.0873 1.6122
-6.9441 -6.5007 80.4637 1.6034
-8.0177 -3.3554 -62.9650 1.6909
6.9599 -30.5129 -111.4671 1.6120
-14.2027 39.2724 361.6172 1.6470
-2.6334 35.8022 -277.0717 1.7935
-2.9840 7.8016 11.9041 1.7798
-33.3975 -22.7467 140.5251 1.7696
45.2698 -18.9564 -26.8032 1.6527
-7.4992 17.9230 -57.9732 1.7073
48.3568 -1.4663 -10.3971 1.6744
-18.9566 -7.4370 47.2138 1.7514
-22.1605 -15.7897 57.3768 1.7019
22.3858 -12.3234 74.9925 1.7329
23.6631 -30.5657 142.1001 1.7057
5.6838 -27.5851 471.6446 1.6072
11.7082 -33.8922 5.6159 1.6869
25.5004 30.4383 -199.2865 1.7857
-42.4845 -24.9235 90.2419 1.7855
-11.2706 -30.3249 -4.4943 1.7436
-45.6275 16.9726 84.6144 1.6562
-11.3137 -2.6021 -215.9685 1.7471
13.6459 -22.3414 -67.4216 1.7274
36.5244 5.0716 264.7389 1.6702
-42.6076 33.6297 106.1027 1.7369
-42.8335 19.0312 99.9490 1.6326
24.9077 -0.9826 55.9900 1.6874
27.7752 -10.7679 -10.1912 1.7754
9.4248 -0.8750 -275.2005 1.7652
-36.6072 12.8178 -200.6883 1.6654
-48.4416 8.8622 -183.7594 1.6452
-29.5594 -11.8369 49.1819 1.7780
2.7935 -8.5015 234.9424 1.6694
30.3160 21.6057 204.7216 1.7367
-14.4089 -38.9193 335.3572 1.7907
8.2512 -6.6662 46.7112 1.7171
4.9844 -33.2870 289.5252 1.7308
-42.1007 -17.4408 -84.1979 1.7711
48.3679 -4.5030 187.1612 1.6873
-8.2777 -36.7362 64.6509 1.7842
-7.8600 12.0006 275.4507 1.6791
35.1696 -15.6679 79.5985 1.7623
44.3110 -42.1178 -181.7116 1.7362
15.8225 -11.0503 -53.4606 1.7816
32.1778 30.2797 160.7164 1.6959
37.4245 -13.0963 -206.3376 1.6425
-27.5305 32.2986 166.6834 1.7894
-3.4509 24.2328 -119.5506 1.7834
36.6311 15.1295 153.2479 1.6289
-10.0842 48.3038 55.3469 1.7756
26.3244 -45.5076 75.8446 1.7276
-48.5394 42.6982 134.1084 1.6858
-4.1820 1.8805 -23.3261 1.7233
-25.3577 22.6355 -221.5273 1.6556
45.4589 29.9683 57.6312 1.7566
25.7723 -39.2534 345.3406 1.6609
-36.7147 -3.6738 -220.2289 1.6888
-11.1884 -11.7052 -25.7696 1.6446
1.7274 -5.3755 -218.7933 1.6369
-48.4790 -25.8900 223.9666 1.6546
1.8122 -45.2304 73.9030 1.7107
45.6176 -45.0763 -131.7961 1.6827
48.7212 -48.8046 98.5291 1.6333
32.3765 -27.7829 -52.6247 1.7807
-45.7388 22.9190 346.9787 1.6200
18.4887 -48.4485 146.5106 1.6246
48.3376 21.9797 -61.8183 1.6985
-27.2018 5.7570 -75.8820 1.7515
36.3582 8.4637 -137.5557 1.7963
-12.0688 -35.7767 434.7731 1.7864
-33.0209 -42.3434 -166.9535 1.7363
0.5857 6.5107 -72.2643 1.6760
24.7890 -48.3868 -362.3995 1.7493
36.3990 -10.0118 -115.4151 1.6731
24.4451 45.6856 401.9487 1.6582
32.2479 -33.5641 51.1161 1.6458
11.8827 10.6022 42.1477 1.7163
36.5473 18.5534 -8.5014 1.6483
-34.0717 -8.1948 58.9768 1.6299
19.7939 22.2518 -48.9322 1.7458
-18.5748 7.3074 4.2872 1.6245
-11.6156 45.3570 196.0036 1.7581
37.0033 33.1454 5.7800 1.6322
25.8230 -4.2126 -85.4740 1.7484
-27.7580 -18.1824 183.3714 1.6143
42.4345 -33.4741 -46.1941 1.7894
-19.9367 24.9214 -116.8285 1.6099
19.4624 42.5383 272.1173 1.7037
7.9457 -45.6072 321.7492 1.6346
-24.7029 -19.0168 -85.3152 1.6474
3.8865 14.7873 -189.3558 1.7589
32.3543 35.9801 72.3544 1.7459
-9.7619 9.1977 -124.1136 1.7307
-20.9325 39.5104 47.2267 1.7929
-24.4314 -9.6867 -165.3402 1.7273
-10.3054 -14.9034 101.1473 1.7513
14.9012 1.1318 110.7029 1.6181
45.5939 -12.5610 99.8834 1.6264
45.4858 -36.1027 -290.7270 1.7034
48.4793 -25.3822 150.3082 1.6150
-17.2058 18.9284 58.9383 1.6134
-26.9827 28.9166 423.0739 1.6403
40.6907 -36.3662 205.7436 1.6917
20.4654 -42.1182 -201.2672 1.7633
-22.4084 -24.8701 245.5594 1.7140
-45.4910 35.5188 -12.4398 1.7505
38.4595 48.5005 -72.6688 1.6098
-9.3519 42.2430 288.3416 1.6309
-31.9559 15.0223 323.4647 1.7994
-37.0085 2.8129 -47.7322 1.6402
45.3463 -9.2934 155.4710 1.7774
-9.8308 -33.3507 -283.8011 1.6245
8.2562 25.9527 122.3606 1.7989
-17.9832 -1.5884 1.5570 1.6102
-28.0756 -33.3393 -276.4862 1.7735
18.3706 0.5079 56.7716 1.6138
-17.9979 -28.3588 -34.6595 1.6002
-39.3181 -26.5139 -51.4102 1.7840
8.5432 11.1348 -217.6258 1.7182
11.7995 31.4981 150.6103 1.6354
37.3612 -30.7616 334.8935 1.6320
-30.8102 20.7195 -304.4839 1.6777
28.9506 -27.5507 195.8383 1.7820
38.9270 30.4180 70.6941 1.7633
10.5710 4.8655 41.4658 1.6712
-0.0845 23.9731 -171.6916 1.7099
39.5226 27.1206 202.5127 1.7153
-8.1978 -21.3766 -117.2451 1.6899
-4.8983 -13.0411 223.6553 1.7369
3.5772 30.0734 -31.0698 1.6193
-21.4571 -19.0685 83.8375 1.7055
12.1390 37.3273 45.8303 1.7508
13.4558 48.4589 -62.6399 1.6602
27.3337 4.6608 33.2580 1.7978
-42.4600 -28.3246 140.7275 1.7148
-23.5378 -3.6897 13.8940 1.7749
-4.5158 11.6600 247.8415 1.7489
1.5705 -39.3514 86.0063 1.7252
-19.0460 -16.4380 -162.8308 1.6065
13.6892 34.2040 -235.1934 1.7489
-30.8908 -3.2135 339.6211 1.7660
-45.4514 -36.9587 -376.6530 1.7844
-45.2231 38.8814 101.5658 1.7740
-48.4452 -48.3552 -339.0739 1.7656
-48.3138 12.0509 206.0988 1.7953
-17.3063 -48.3222 -80.8531 1.7481
-14.6975 -2.0618 -120.5655 1.7800
-32.9754 -48.3040 43.3511 1.7961
26.7335 21.6750 127.5326 1.7327
-9.2186 0.0647 -412.6325 1.6988
48.5580 -40.2954 183.9719 1.6322
3.7803 -2.7854 17.1549 1.7654
-45.7620 48.3059 -370.9568 1.7772
5.8595 -18.0242 170.4639 1.6148
35.7500 -39.3658 113.4525 1.7293
-42.3976 -10.4530 -54.1907 1.6490
-15.4750 -35.6679 -19.6191 1.7253
3.8027 -30.1991 82.1924 1.6452
15.2589 -39.4629 163.4562 1.7395
-34.6424 -39.4888 -415.8680 1.6627
33.9565 -48.3857 -69.1298 1.6651
-42.0811 26.9058 -216.4441 1.6457
-1.9988 21.2622 -161.3165 1.6142
42.2334 -21.6958 42.6142 1.7260
-45.6289 1.0991 164.1408 1.6441
23.8623 -42.4754 -230.0774 1.7296
37.3686 -36.4370 -336.6331 1.7015
-35.2670 25.0550 62.2382 1.7937
-39.7285 4.4171 438.9503 1.6554
-48.3705 27.5648 79.9830 1.7086
46.0089 45.1673 -285.9769 1.7432
18.5408 -39.4295 57.7892 1.6220
48.3301 28.0964 254.6732 1.6937
-29.3320 36.2221 -477.1744 1.7179
-1.5736 -4.6398 298.2513 1.7882
30.5304 -17.8365 -264.3102 1.6896
-15.8189 15.7501 3.8770 1.6666
0.5452 -20.0912 -115.7936 1.7689
4.5832 48.3418 87.4881 1.6863
-26.3050 25.7434 -86.7627 1.6000
-28.1637 48.4603 89.2385 1.6684
22.0518 -33.6007 -208.6866 1.7191
-14.4646 -11.2625 -130.6610 1.7660
-15.9350 42.3728 213.6760 1.6462
-4.7444 -37.4124 -53.3461 1.7345
45.3934 16.8968 166.5570 1.6960
-6.8645 24.3219 160.7258 1.6958
39.0148 -33.5461 -60.1889 1.6604
6.0504 -0.1910 -34.7639 1.7418
4.9806 2.8795 74.8332 1.6359
23.6617 -24.6520 375.7869 1.7237
-16.7362 24.6922 165.3710 1.6075
41.0459 39.2665 205.2638 1.6822
-13.1726 9.5508 -239.6619 1.7386
13.4547 -36.6547 260.7193 1.7342
17.0425 -14.2517 95.0060 1.7269
36.9687 -48.4314 -19.5091 1.6688
-36.9056 -0.4331 -323.2121 1.6363
34.0107 -36.4000 -199.0161 1.7212
25.5493 -13.3172 -285.4036 1.7248
-29.5648 17.5913 -175.2398 1.7455
-19.1534 42.4312 -30.8340 1.6650
45.4452 -26.4173 -114.2845 1.7475
-23.9436 19.8124 -98.4599 1.6398
6.6320 -42.5190 -113.0074 1.7836
33.8101 45.5053 314.8335 1.7363
3.8445 -20.6834 -78.6780 1.7300
-33.9607 -1.8240 -294.3435 1.6508
13.6536 -31.1935 105.6611 1.7059
-45.6627 -8.4131 -6.9596 1.6169
10.3867 -21.9630 206.5835 1.6515
48.3106 33.9201 251.1516 1.7749
35.6910 -6.7769 182.1640 1.7366
13.7439 -4.6743 -1.2677 1.6181
-23.2139 10.9650 -139.0830 1.6216
21.3506 -18.2745 23.5918 1.6717
-14.2014 -48.3623 169.6680 1.7147
37.0089 -1.5866 -172.1542 1.7180
-39.1902 -33.3217 -170.6991 1.7327
14.3651 -25.4601 71.4819 1.6571
39.4609 16.8138 -390.9142 1.7545
8.2210 -39.5220 -189.5630 1.6570
-31.0265 45.2255 147.6867 1.6653
-25.2287 8.4450 -86.4124 1.6373
-39.2359 28.7291 222.9875 1.7962
48.8098 45.8793 36.3601 1.6001
33.2018 -9.2036 -203.7383 1.7649
32.5367 24.1409 10.6454 1.6657
-4.8559 -4.0720 285.1537 1.6370
-45.4502 13.8398 73.1040 1.6867
15.1134 31.0534 -126.6411 1.7911
-33.0851 -11.3293 65.9447 1.7832
-33.5422 4.4524 77.7370 1.7523
-37.3481 22.3302 148.6818 1.7392
-10.6242 3.2526 -253.0914 1.6236
8.0580 -15.3509 -38.1631 1.7365
4.9082 26.3007 -70.2623 1.6761
-35.3336 15.8978 -265.0783 1.7542
-3.5741 42.2285 405.2629 1.7880
-42.4344 30.2344 -200.3115 1.7826
13.2271 40.5434 -3.1593 1.7718
-6.2252 30.2614 -90.6484 1.6401
33.7875 27.3247 252.7154 1.7581
40.6793 -13.7713 -177.1911 1.7090
-36.2904 -42.4639 -299.5923 1.6588
-0.3471 -36.1495 -18.8890 1.7804
-16.6247 9.9980 -366.9714 1.7813
-10.2645 -24.0474 -120.6922 1.7742
5.7210 33.1197 -86.3854 1.6990
-45.6166 -33.7261 -216.0313 1.7146
8.3747 2.2205 -21.8509 1.6319
35.7625 -33.6173 -64.9008 1.6542
48.1419 48.6306 -24.6981 1.7723
35.7807 -27.8600 -387.6986 1.6979
17.5289 18.9380 241.7558 1.6921
1.5988 -33.2230 78.9315 1.7692
-16.2591 -42.2635 321.9425 1.6986
-9.0600 -9.2058 -606.2955 1.6576
-42.7972 -42.0582 -278.5525 1.6355
-45.6322 -5.3099 -59.9085 1.7362
-42.6421 2.7867 7.4370 1.7449
-48.4387 -6.7991 520.7331 1.6272
-24.3318 33.5869 -89.3177 1.7200
-24.7050 -27.3389 -129.2942 1.6979
-22.5077 42.5644 -291.3605 1.7670
19.2425 -20.8207 -31.5674 1.7442
-21.1495 -27.9151 -41.7191 1.6350
39.0870 -4.1132 222.9395 1.6438
-32.6928 42.3445 183.1036 1.6991
-40.9896 -45.6837 -369.0494 1.6236
45.1557 10.1214 -234.5488 1.6270
-6.8932 -39.9329 -158.1639 1.6715
-35.9334 42.3794 -278.9058 1.6643
33.4432 6.5250 -102.1098 1.7858
-45.3614 26.0070 -1.7835 1.7811
34.4852 -3.6189 -60.5274 1.7238
11.3904 -15.9637 -19.2866 1.7667
42.3546 -27.9232 211.6564 1.7630
-11.9997 21.2209 -143.3479 1.6986
42.2244 36.2622 -348.6152 1.6664
-7.5731 39.4663 -105.6074 1.6782
30.7424 1.1678 114.9861 1.7311
45.2658 38.6600 297.4176 1.7212
-6.4501 -43.1700 31.2996 1.6512
30.9274 -48.4387 115.8972 1.6296
-14.2447 -28.9541 -283.3369 1.6139
35.3452 -21.8000 -356.8978 1.6209
-26.2831 -36.4869 167.4841 1.7288
21.4293 -9.0869 299.7146 1.6721
1.8426 12.1298 -1.4553 1.6570
-29.3728 26.7154 -2.5977 1.6657
-34.5781 -33.7712 -4.9352 1.6176
9.7486 22.8359 -8.4276 1.6848
-48.3452 -13.2687 -15.6118 1.7863
32.5892 -45.4708 -15.3380 1.7161
-48.7242 48.5930 298.9325 1.6525
7.3612 36.0461 305.4709 1.7311
-26.2166 -42.5487 181.2804 1.7517
-22.6580 2.1448 92.6562 1.6969
-17.8149 13.1213 335.1844 1.6308
7.1493 -21.2382 301.7081 1.7760
-24.3320 45.4428 -153.2834 1.7245
-48.4095 -35.3610 73.2844 1.7029
-20.3736 19.2905 -103.0116 1.6409
28.9104 -33.4848 -226.9242 1.7109
42.5508 1.8072 -62.6432 1.6846
13.4800 -42.3909 -192.2238 1.7654
-5.5104 -48.4524 -8.6591 1.6783
-18.0253 45.4851 373.8069 1.6482
16.5681 28.0428 -131.4984 1.6646
22.0094 -27.5929 159.1445 1.7452
39.6038 -10.5535 62.9734 1.7271
-19.1189 16.1732 157.2059 1.7963
34.1929 -12.4348 -185.2403 1.6670
-8.5373 5.9391 -304.9634 1.7789
-48.4741 -19.6233 -115.4294 1.6266
45.5767 41.8930 -223.8533 1.6815
14.3716 19.5902 140.1860 1.6005
-5.0795 45.3841 -47.3116 1.7560
5.1537 11.6568 -73.0521 1.7543
42.4540 5.1225 162.9691 1.6581
22.8896 48.4411 -12.4087 1.6223
-24.5507 14.0719 -67.5191 1.7725
-45.5730 -2.0943 122.6209 1.7436
-13.6078 -14.4979 -109.3016 1.6092
24.3453 18.6865 -246.4033 1.6892
-12.8917 -42.1067 66.7453 1.7967
-5.9437 -27.9918 246.4843 1.7410
-48.3860 39.6842 -107.3489 1.6416
19.3675 -2.6376 123.8350 1.6942
-29.6301 -36.4271 0.5771 1.7724
37.8955 39.8801 -64.2282 1.6182
-21.4119 -39.4540 78.3482 1.6193
48.2638 -43.1705 -10.8144 1.6760
-39.7540 1.1309 -203.4163 1.6597
-39.5435 -29.8982 83.6288 1.7308
20.0690 -45.4795 -158.4184 1.7612
-21.1262 45.6003 -14.5037 1.6257
45.6585 -33.0141 502.3232 1.6097
-38.7981 25.3113 -125.6012 1.6101
14.7355 -7.7856 -67.3485 1.6909
-16.8365 -13.8156 -76.2762 1.7555
-34.3051 45.2739 -316.2313 1.7378
20.3290 -30.5881 113.4274 1.6879
41.6021 48.5016 -255.7014 1.6232
-39.7926 -5.5345 41.8413 1.7173
-8.9720 -45.3375 169.0982 1.7151
-39.6020 -36.6617 378.6462 1.7054
31.9048 -14.8009 7.5952 1.7184
42.7471 -11.2699 -94.2880 1.6718
-2.8848 -1.4871 -193.8496 1.6602
-45.3537 -14.8168 94.7559 1.7771
3.0128 9.0640 -138.8458 1.6947
-23.5686 -48.4532 156.3596 1.6333
-14.7334 27.4040 -33.7415 1.7213
22.6097 -3.3657 290.3499 1.7045
-22.6253 36.5110 -82.6712 1.7232
48.3782 7.5969 -113.1599 1.7186
27.9030 -48.4316 54.4975 1.6461
-10.9192 -39.0120 -113.1148 1.7653
-25.2848 48.4743 -48.5821 1.6134
-28.6434 -15.0827 82.9972 1.6191
-8.0866 27.4676 -205.6563 1.7841
35.3942 48.4385 96.8802 1.6333
-1.6223 -13.7352 -308.6128 1.6957
-17.2553 4.2579 52.4953 1.6445
-1.7220 -22.7105 -330.1890 1.7647
-12.8855 30.2873 -308.7494 1.6575
30.5922 33.1816 -54.2211 1.6708
-42.5410 -35.1632 311.8699 1.7750
21.7320 8.4926 -117.3206 1.6682
-31.3483 -45.3212 -19.6261 1.7624
30.4001 27.3828 72.7167 1.7312
9.5285 -48.4523 56.0926 1.6066
20.4173 2.9626 -209.0623 1.6509
-36.5412 6.0838 37.5978 1.7550
29.4122 42.6332 -118.1630 1.7246
48.2875 -28.3493 105.6999 1.7666
48.4324 -22.5346 321.0913 1.6610
39.9051 -48.4091 295.9512 1.6436
1.1917 20.9211 7.6177 1.6390
-45.4485 -11.5312 44.6197 1.7219
30.8892 -24.8137 21.3866 1.6213
42.3720 -45.1558 4.7454 1.7343
12.7798 -1.4972 0.2816 1.7558
-47.9245 45.6957 85.9844 1.7433
-8.0822 -12.3373 12.7898 1.6394
24.5322 -18.9577 -311.3944 1.6796
36.0176 42.5053 61.9258 1.6625
29.9991 -8.2744 -102.5259 1.6862
1.7240 26.8887 241.3010 1.6456
-42.4437 12.5418 -507.4511 1.6765
-11.4256 -20.8153 -215.3508 1.7059
-36.8497 -6.8871 -70.3968 1.6303
-5.9612 36.1608 184.0326 1.7105
-15.2580 21.4783 169.7249 1.6023
-4.6720 -31.1476 76.3161 1.6754
23.9278 13.2525 -304.0282 1.6758
-6.9912 48.3518 34.5622 1.6605
-24.7040 -0.5026 -21.8682 1.7469
-35.9702 36.4422 -74.6572 1.6515
26.7747 -16.4384 -282.2567 1.7293
-19.4614 48.3588 29.4437 1.7098
-37.6832 45.3876 -244.7892 1.7833
-20.1207 -4.2358 107.5933 1.7366
-5.3338 21.3323 264.5354 1.7613
1.6627 45.2680 12.0836 1.7389
-39.1742 -12.2290 140.5413 1.6618
-12.5560 -17.6382 -102.4869 1.7286
-1.2186 48.4211 256.8127 1.6006
-45.7838 -21.2057 147.6942 1.7060
-42.4884 23.6092 276.1950 1.7682
33.6314 3.1242 -272.0725 1.7231
-3.4561 -34.2758 202.3762 1.7279
-3.7827 -16.2433 307.3444 1.7031
-37.8913 -45.5301 342.5327 1.6795
0.0740 -42.3452 -51.4509 1.6718
27.2940 12.8910 94.0411 1.7431
39.4670 23.7497 -351.4658 1.7598
-45.4982 -18.0658 454.3520 1.7349
-0.1753 9.6238 -60.7863 1.6299
28.8570 -22.4453 65.9437 1.6060
11.2457 19.9094 -154.9117 1.6121
5.9694 17.4743 45.3924 1.7365
-22.9937 -36.6468 -164.4831 1.6369
-18.1632 -19.6132 199.0761 1.7232
27.3508 1.2725 146.5029 1.7394
0.7286 35.9895 319.0767 1.7129
48.4133 -34.5426 -138.9763 1.5996
-48.5015 -22.7351 288.5497 1.6005
11.6160 25.5654 171.1870 1.6604
30.5999 -30.6588 -223.1947 1.6517
21.0136 39.5786 66.0881 1.7304
-13.4573 -5.2964 74.9967 1.7709
-34.0173 -16.2647 -168.8083 1.6356
-11.0258 33.6262 335.1327 1.6676
28.6057 24.5009 -236.4826 1.7328
34.0215 -30.7697 -29.0805 1.7752
7.1461 -3.4200 -274.7522 1.7300
12.7982 7.4611 52.6231 1.6620
-15.8682 -17.0610 -246.9884 1.7764
-0.5021 -25.8744 -206.8079 1.6366
-39.5784 10.9899 4.6509 1.6308
48.3946 1.5420 -120.7081 1.7001
-20.4922 -48.3292 -191.6885 1.7652
-34.1105 21.3029 32.6854 1.7345
20.4999 33.6464 -107.1065 1.7802
7.8546 20.2153 -99.2446 1.6376
-2.7004 -10.4876 79.7293 1.6783
10.4838 -4.1248 129.5706 1.7406
42.4098 22.0246 19.8636 1.7732
5.6534 38.9525 -133.3816 1.7089
42.5029 15.1456 -205.6723 1.7472
30.6886 -42.4260 -194.0346 1.7859
45.4640 26.6955 123.1797 1.6460
-36.8582 -17.7989 -274.9101 1.7847
45.4734 0.2044 81.5766 1.7097
-42.4343 -21.4756 468.8994 1.7861
33.2042 9.9291 166.6036 1.6983
-39.2524 35.7058 10.6706 1.7099
33.2730 13.3150 -408.6790 1.7872
48.3481 -10.7992 -10.4900 1.7593
-1.8677 -39.3382 -122.2404 1.7622
9.0941 -18.5095 -260.7471 1.7183
-39.1635 42.3413 -251.9972 1.7308
42.4593 18.5746 -2.4796 1.7984
9.3601 17.1571 -111.2984 1.7865
-42.3641 -48.5106 -83.1122 1.6643
25.4788 -33.4654 171.9560 1.7742
27.8701 39.5610 -164.1538 1.7172
-26.9496 -3.1476 -242.3513 1.7269
15.5158 -28.4415 104.6439 1.7512
17.1938 3.5855 24.7333 1.7545
-42.4064 -31.7249 -47.9382 1.7584
15.3706 -33.9551 -88.7517 1.6519
-16.4659 -31.2185 -131.2491 1.7202
45.2311 6.8258 -8.0791 1.6935
6.6311 -36.6886 -184.9020 1.6328
10.2661 42.2874 -18.9376 1.7585
-22.5215 16.7956 -82.3048 1.7724
17.9823 45.5135 209.0031 1.7740
42.8735 -48.3749 155.6193 1.7323
-9.2165 15.0633 -137.9712 1.6819
45.9248 -48.2781 113.5648 1.7218
4.7721 -14.9077 -362.0789 1.7188
-11.1733 12.2997 60.7308 1.7285
-39.5264 7.7150 22.2415 1.7071
10.9315 -45.7434 277.4680 1.6290
-18.4812 21.9779 144.5442 1.7152
-22.4386 48.4168 -46.9435 1.6060
-18.0730 27.6590 -30.9771 1.7396
1.5692 -23.3692 -91.1839 1.7030
33.5024 20.2468 142.0773 1.7659
-5.9115 14.7835 -133.8650 1.7024
-27.9543 -39.3653 -44.3574 1.6219
-39.3718 -23.0977 244.0994 1.6973
0.6053 -48.2989 377.5239 1.7014
45.5231 20.2034 62.2160 1.6091
-28.0015 14.4871 -364.2591 1.7622
42.1497 29.2417 -73.6497 1.6763
-19.6394 30.6960 -474.0400 1.7269
-24.8933 -45.5995 -110.2741 1.6898
25.6678 -21.9887 -287.8769 1.6282
31.3622 -2.5212 45.3911 1.6820
-0.5348 -16.8610 -239.3364 1.6488
27.0969 27.4743 117.1642 1.6807
-36.2903 -27.9607 113.5097 1.6029
-24.6718 -39.4906 -142.8611 1.7429
18.7225 -33.9412 -436.4390 1.7141
23.9483 33.5095 133.4179 1.7620
16.5573 48.4313 -117.7935 1.7159
42.1239 -8.0615 -27.2064 1.6887
3.8801 5.9064 47.6509 1.6948
34.1256 -42.3712 -162.7355 1.7984
40.5632 -30.7391 -41.0404 1.6111
-45.4502 -48.5619 280.1053 1.6142
11.5225 45.4468 -158.9187 1.7275
20.3874 -5.8398 -24.4932 1.7188
42.6418 -1.4469 196.9515 1.6439
9.9007 -36.7089 -127.9455 1.6433
-14.8451 45.4531 346.2010 1.7254
48.2644 37.0552 65.7384 1.7841
8.2521 45.1273 -59.2238 1.7470
-12.2924 -8.5927 44.8709 1.6919
-42.6511 -3.8505 -77.4331 1.6871
-6.3444 8.6840 -174.8320 1.7695
16.9829 -42.4127 29.2737 1.7899
21.2833 45.5036 201.3512 1.7892
-30.2132 -24.1838 -46.9759 1.7792
40.2824 33.5687 -81.7472 1.7528
-45.7782 -24.2553 108.5280 1.6661
40.9292 -42.1712 -13.8082 1.7067
-48.4330 30.7014 12.4994 1.6432
39.7812 0.0657 -79.8983 1.6949
24.4564 39.3537 14.6998 1.7893
-20.2840 -22.2051 145.7193 1.6926
9.0794 39.0075 -66.0540 1.7762
-9.5727 30.5788 -191.1941 1.7928
12.2223 -28.1971 -174.0895 1.6361
-13.2536 48.3546 -46.9229 1.6910
-2.4688 -48.2944 -142.3497 1.7554
-2.7322 -19.4219 -112.5629 1.7527
33.7634 16.7650 -168.3058 1.7803
-8.4004 -48.4293 19.7850 1.6509
-39.7356 -2.1736 110.1722 1.7517
-36.2906 -24.6724 295.2388 1.7921
-1.4936 27.0395 54.4496 1.6657
32.3018 -5.9699 -61.9154 1.6798
37.5933 -25.0849 126.9036 1.7115
18.0890 -17.5554 253.7444 1.7103
-24.3294 39.3838 -252.3518 1.7238
-31.4325 -33.5972 14.1609 1.6376
-33.1409 -26.1905 155.6234 1.6950
3.1598 23.5396 -223.5814 1.6714
6.7778 42.0939 -63.5297 1.7301
-28.6283 23.3472 -73.4948 1.7827
-27.4418 20.1552 0.0375 1.6415
-36.3967 -10.4662 -23.6771 1.7207
12.3872 -19.2680 -28.0629 1.7725
-45.8291 19.9649 73.9411 1.6213
-10.1095 23.9658 74.5914 1.6741
4.7449 -23.8787 28.5406 1.6392
-8.3486 45.3678 -65.8418 1.7287
4.9676 45.0761 -68.9598 1.7179
-44.4600 45.2639 -121.1251 1.7347
-12.6883 42.1778 -86.0072 1.7186
25.8159 15.8235 -259.2384 1.6111
0.7527 -28.9684 20.3938 1.7115
-17.8468 -39.2822 -206.3916 1.7121
-44.0471 -45.9621 309.9922 1.6479
2.7602 -26.4068 169.1387 1.6032
-31.0820 48.3975 -175.8964 1.6681
-4.3653 39.0052 126.3859 1.6012
33.7582 -18.8306 -368.0556 1.7841
-45.6167 32.2839 39.2891 1.7197
-36.5427 -21.2317 -172.8984 1.7535
38.8600 36.7032 -297.9225 1.7768
6.7413 29.1247 -17.3030 1.7860
-39.3372 -48.3916 -54.9449 1.6340
-39.5726 -19.7492 -23.9155 1.6890
36.4278 11.8568 -13.0767 1.6969
42.3621 -4.7025 -36.6849 1.7584
-20.5534 4.7505 -142.9630 1.7272
18.1281 -8.4568 112.1621 1.7925
-48.4621 18.4254 522.7710 1.6304
-8.6754 21.0386 82.6963 1.6580
-23.2001 -30.5210 62.6026 1.7758
48.3787 -19.6617 -182.9410 1.6726
-39.6219 -42.6612 -222.7318 1.7793
30.1406 14.8524 199.7885 1.7489
4.9804 -6.0046 30.1733 1.6945
-12.6392 36.4814 76.2817 1.6540
18.6029 30.7588 31.2462 1.7887
-48.4294 33.7297 48.2167 1.6238
18.4980 9.3845 126.3656 1.7725
-34.4216 39.3998 223.6992 1.7240
-33.2006 30.6415 106.3435 1.7431
-22.3175 -6.9168 -260.6858 1.7843
-11.2678 -48.4256 -128.1578 1.6362
27.7701 -19.5374 465.0258 1.6558
-5.8921 -9.8736 -16.7521 1.6328
48.4676 30.9793 -77.3824 1.6400
-9.4899 -42.0571 61.4272 1.7246
-33.9821 48.4442 -168.9706 1.6346
28.8006 -13.9014 -105.6645 1.6247
-48.4496 -41.8167 -282.5596 1.6449
-26.6909 -30.1049 51.2292 1.7888
25.7798 36.3023 -115.9417 1.6021
27.5386 18.4906 301.6836 1.6315
-48.4617 36.7094 84.5895 1.6234
-18.7526 -45.3847 159.2484 1.6917
20.7762 12.0432 -29.8961 1.7291
17.0271 -5.1570 -301.4383 1.7824
31.0182 -11.6339 -340.0847 1.6195
16.1278 -1.8958 313.8964 1.7222
23.5551 -6.6372 -271.3297 1.6135
-42.5083 6.0915 45.6749 1.6781
13.9361 -45.7117 18.6991 1.6987
-40.3528 21.0346 121.1389 1.6867
27.5778 9.5561 314.0182 1.6580
39.1627 -45.3511 -219.3909 1.6482
27.2449 -42.2481 -130.1256 1.7819
29.1530 -5.0201 119.7413 1.7126
48.4691 -46.0796 78.0648 1.6375
-21.8497 -45.4825 115.3262 1.6063
27.2285 -36.3829 244.5419 1.6857
20.3397 -15.0429 -353.8497 1.7622
-45.7313 -43.4192 175.7200 1.7501
-12.3168 -45.4709 152.6539 1.6707
16.3532 22.2576 -137.1116 1.7990
33.8275 33.0571 224.4116 1.6065
36.9574 45.6690 -193.5375 1.7041
40.3039 -19.0518 -237.4265 1.6396
23.8956 -36.4458 50.3761 1.7317
10.3367 34.4734 -218.8397 1.7393
-45.5446 42.1366 117.5770 1.6649
7.9633 -24.5498 25.5810 1.7772
-15.2595 6.8440 117.2150 1.7287
-21.0592 33.6518 -84.6826 1.6677
-39.6926 48.4479 177.1695 1.6094
-1.0805 38.9068 143.0138 1.7527
-39.6839 17.7052 14.1993 1.7600
-32.9954 -36.5592 -61.0878 1.7391
-36.2392 -48.3494 -65.6341 1.7358
15.6048 36.9886 358.3719 1.7802
2.7757 0.4731 35.8152 1.6620
-16.1902 30.4752 -69.1499 1.7499
6.5578 -48.4232 60.7779 1.6590
13.8528 4.2853 128.7602 1.7612
9.2239 -9.7872 -174.1736 1.6372
-14.2742 33.3233 94.0109 1.7176
-7.7540 33.4205 256.6715 1.6101
-1.9411 4.4810 101.9824 1.6197
-19.8326 -36.7151 -145.6761 1.6308
-33.6788 7.8599 80.5729 1.6482
11.5288 -7.2250 -80.2263 1.6266
-0.8722 32.8693 -234.8947 1.7172
24.4034 10.2125 216.0869 1.6110
-3.7934 -7.3045 268.7006 1.7773
39.5748 3.4366 111.5716 1.7885
-27.4606 -21.4130 -315.2829 1.6106
-30.3305 11.9098 96.6077 1.7844
-24.7054 -33.5575 92.2763 1.6932
9.5820 7.9963 -92.3802 1.6508
-16.8109 -4.7700 -39.4322 1.7168
24.5550 -9.8895 79.4240 1.6331
-0.4492 -7.9087 174.3136 1.7163
44.8514 48.3550 309.9363 1.6946
-15.6124 -8.0080 230.1408 1.7625
42.5083 -39.1537 71.6760 1.7846
32.0471 -21.7524 -251.3287 1.7047
11.6586 1.6975 242.9776 1.7158
-5.1938 5.1414 -2.7203 1.7453
-34.1409 33.8025 316.9748 1.6444
3.5758 -48.4300 66.4813 1.6522
48.3783 -13.9225 -222.5561 1.7261
36.6723 1.7417 -38.1466 1.7070
7.1320 -12.2105 79.8451 1.6027
12.8057 16.6567 224.4582 1.7857
21.7933 24.9172 -14.8388 1.6689
-23.1476 -12.6885 -22.7134 1.6405
-30.8785 33.1877 -104.0223 1.7039
26.1432 42.4627 65.8510 1.6796
15.1529 10.0983 -102.4256 1.6608
45.2741 -23.0287 65.3930 1.7354
-11.8955 6.4144 -42.0876 1.7284
20.2454 27.8014 -191.1320 1.6880
-15.5445 -45.4837 94.0137 1.6532
-30.1482 -30.5263 -293.7396 1.7400
24.1429 2.2717 269.5362 1.6660
39.9642 45.8494 -274.9630 1.6423
-17.5010 39.4531 119.8514 1.7512
30.3689 7.8754 -126.0152 1.6510
21.5730 -48.3974 -166.3593 1.7361
-6.7059 -33.7720 92.8569 1.6026
-1.7196 45.2144 59.6747 1.7684
42.2734 8.4784 245.4373 1.7699
-11.4373 27.1150 -117.9249 1.7195
-4.9917 -22.1110 74.8698 1.6637
16.1199 6.8919 151.9046 1.7330
-1.3659 -31.6163 -93.6677 1.7047
-29.3577 42.3355 58.9690 1.7690
3.4484 42.0793 215.9149 1.6494
-30.6476 -20.8366 -57.8259 1.6506
48.4444 13.4267 -24.3850 1.6140
16.9686 -45.7534 162.1904 1.7023
48.3427 25.0521 80.5390 1.7773
-17.8343 -10.6169 136.4797 1.7217
-48.4285 2.6514 -210.5165 1.7056
-9.3194 -27.4678 -314.6739 1.7636
-21.2635 -0.9974 458.7604 1.7912
-3.2386 -42.4704 -106.0029 1.7467
-32.6347 36.6075 340.0747 1.6682
28.8711 30.3963 -166.8189 1.6714
-1.3129 -45.2929 -5.7026 1.6082
48.4801 -16.8376 59.6847 1.6041
-12.4605 -26.4256 553.6116 1.6004
2.3127 39.0065 132.8117 1.6968
-13.5653 -32.7659 -191.9800 1.6580
17.3804 12.6483 93.7119 1.7410
10.2476 -30.8830 101.8936 1.7634
-41.0492 45.5487 234.5905 1.7009
43.5036 32.6430 43.8938 1.6929
-6.0408 -0.7792 -43.4127 1.6150
29.0190 -39.4064 -246.9373 1.6376
-7.9552 -30.7233 -197.7871 1.6961
-14.7818 -20.3141 206.5923 1.7840
48.4271 -37.3994 195.6105 1.6081
4.8743 -39.3830 93.6269 1.6163
-33.7011 -5.0504 180.5594 1.6483
-45.5353 -40.2152 153.5783 1.7416
-2.5790 -28.4959 397.0030 1.7216
16.9965 -36.6739 7.1385 1.6179
30.5821 -36.4532 -278.4864 1.7917
22.8543 42.4579 244.0069 1.7729
-24.3825 -22.2603 -69.7825 1.6326
32.2868 48.3935 -295.2580 1.6946
-26.7298 -24.6308 176.8759 1.7508
45.2529 -29.8294 319.5381 1.7549
39.0262 -28.0203 -146.8191 1.6008
27.3304 33.4074 232.9114 1.7151
30.7346 18.2258 17.6117 1.7467
42.5209 -16.6253 158.0482 1.7481
3.3039 -36.3504 143.6442 1.7839
-32.9127 18.2196 231.7717 1.6187
-48.3816 -9.9690 -313.3224 1.7569
27.1511 -30.5017 -140.8271 1.7887
-41.0676 39.7616 375.4687 1.6197
-13.9582 3.7910 279.2905 1.6544
-2.6413 15.3629 -231.5985 1.6472
-32.0014 23.9412 278.7603 1.7613
-27.5935 -9.1522 99.8612 1.6184
-13.4606 24.2351 110.7368 1.7487
48.3997 19.0419 281.0762 1.6548
13.6394 -13.5346 -276.7124 1.6340
0.0514 42.1799 8.1766 1.7869
-25.4677 -15.7634 -295.0695 1.7515
23.5345 -15.8958 98.4697 1.6187
-17.6854 33.5524 -232.2065 1.7956
7.3213 14.3146 180.1742 1.7684
-23.8853 5.2490 -75.6821 1.6677
-33.4489 -29.5849 109.7939 1.7379
10.1477 28.7292 137.0305 1.6907
36.5913 25.5634 34.2930 1.6863
-28.0724 -45.4323 -180.7475 1.7302
13.0095 22.5951 17.9012 1.6642
-48.3835 15.3059 79.1561 1.7195
25.3235 -27.6877 52.8022 1.6254
6.0760 -9.1089 -3.9482 1.6156
19.1535 -11.6955 -189.0174 1.6750
22.4891 -21.5447 -71.9774 1.6268
27.5550 45.5428 -129.4331 1.7313
45.3423 13.4142 -91.2793 1.6223
-45.5345 7.4670 389.3682 1.7755
-21.1150 -10.1032 -230.7483 1.7159
-25.9047 2.6543 149.9391 1.6415
42.9590 45.6258 -152.4530 1.7330
-15.9331 36.4543 -41.5809 1.7052
-7.0339 -24.7578 72.5598 1.6618
16.0248 42.5874 149.0623 1.7880
-30.7438 6.3018 -90.0810 1.7530
13.3535 28.2038 -201.5674 1.6238
39.1247 42.7954 266.7514 1.6070
4.0140 36.0235 -20.6529 1.7024
-36.2869 -13.9095 -390.3654 1.6792
-4.3848 -45.5829 68.8501 1.6417
-48.3510 -16.5037 -126.4184 1.6899
-31.6923 -14.2895 385.1958 1.6314
-4.7675 27.3236 228.8084 1.6610
-27.9266 0.0677 -280.8068 1.6861
-34.2853 1.3255 -200.7193 1.6005
14.7321 45.6190 -69.6775 1.7293
-1.3394 12.5064 129.1819 1.6246
39.3467 6.8034 -21.4300 1.6918
-29.9736 29.9813 -55.7119 1.6162
-27.6948 45.3119 291.3918 1.7554
22.4260 36.5246 216.5709 1.7566
3.9491 -11.6628 12.6416 1.7363
-42.3734 -38.7039 169.7829 1.7814
37.5692 -42.3460 -165.5146 1.7728
-48.4495 -32.1517 59.0555 1.6119
15.4576 -48.5058 -84.4176 1.6088
7.5936 48.3395 350.1998 1.7048
15.9571 -20.0178 109.8035 1.6348
-23.9246 30.2243 -32.0172 1.7849
-48.5014 21.4687 247.2072 1.6213
-25.9678 36.4310 -366.6647 1.6770
-48.3942 -38.6193 -298.3982 1.7186
-31.2685 -39.4188 -136.4846 1.7271
12.4793 -10.3873 -159.5795 1.7394
-19.0962 -25.3401 -159.0179 1.7073
-39.5549 14.3059 239.7474 1.6807
-21.4542 27.8571 -302.8084 1.7639
-25.9611 17.2253 -136.4662 1.7149
20.9320 19.0479 -229.6809 1.7837
-10.7450 18.1824 -335.9104 1.6437
-21.8812 7.9132 78.0407 1.7572
-19.2808 36.5281 -155.2340 1.6742
42.3512 11.8155 -66.2631 1.6758
-48.4427 -29.0421 -434.7898 1.6189
17.6419 39.6735 -32.5302 1.7610
2.4324 33.1164 -68.3752 1.6768
42.3185 42.3073 -398.5348 1.7488
35.8829 -45.3725 -173.4429 1.7862
-36.4785 -31.2205 -108.3984 1.7692
8.3106 -33.7755 249.3104 1.7657
48.3820 4.5957 71.2245 1.7423
2.5436 17.8752 -198.9211 1.7264
-42.6381 -0.5330 -120.2741 1.7026
4.5527 20.5162 199.7587 1.7243
39.4698 13.4279 294.1423 1.6999
22.4975 -39.4683 227.0203 1.7151
-42.5379 15.8038 161.3527 1.7337
-19.9456 10.6046 -59.7290 1.6053
-32.6299 27.3179 116.0641 1.7506
-42.6700 48.3474 52.5030 1.7193
1.5383 -14.3609 -287.0933 1.6272
10.2389 -12.8468 -141.8411 1.6282
-48.4237 -3.6677 -11.4319 1.6386
11.6264 -39.5330 157.5435 1.7549
16.9540 -23.3842 -32.1731 1.7682
38.8430 -22.0166 -302.8198 1.7464
39.3347 10.1098 -434.4380 1.6362
-22.8678 -42.3953 -156.9116 1.7327
45.7978 -39.2341 -25.6590 1.6620
35.6411 36.0812 207.5819 1.6205
34.6694 39.2855 231.7196 1.7771
-33.6952 -19.4611 17.3622 1.6198
-13.9830 18.5103 -167.1982 1.6953
-48.4073 -0.5347 201.1870 1.6534
-26.3175 -12.5226 42.7124 1.6393
-28.9290 -5.8362 159.2407 1.6569
-29.7366 -48.3171 77.1951 1.7309
-31.2715 0.2127 199.0324 1.7888
23.5511 27.6807 -287.1738 1.6438
-23.1998 25.0379 -97.0803 1.7008
32.7546 42.2284 -126.2991 1.7551
39.3734 20.2877 48.1870 1.7866
1.6742 3.5057 147.5084 1.6278
17.0814 -31.2225 191.8843 1.6583
39.1078 -39.2996 53.6089 1.7116
45.4283 23.4583 62.5508 1.7283
38.5095 -16.2956 -188.7753 1.7741
45.6451 -15.7275 148.3631 1.6459
-33.6816 11.2470 77.2923 1.7342
-14.5077 12.7008 88.0784 1.7252
-42.0984 -13.8107 -144.5265 1.7659
48.3433 -31.4891 518.5511 1.7620
-30.9512 -17.5289 99.5287 1.7540
45.5541 -2.9108 158.3453 1.6051
-16.3548 48.3468 -351.4060 1.7175
-42.4019 36.9183 -62.9543 1.7229
20.3017 -24.1040 405.9412 1.7521
0.4633 -1.8831 100.2854 1.7543
11.2155 -25.0870 -41.4883 1.6562
-36.8451 48.4707 -397.8343 1.6147
-27.7430 39.2874 -96.7770 1.7754
1.6412 48.4545 120.6890 1.6339
-16.9736 -22.8088 -4.6314 1.6352
-31.0767 39.4411 -93.4077 1.6713
19.7521 48.3951 -131.9976 1.6880
-42.4293 42.6232 82.7951 1.6751
-3.7922 -25.3834 -146.1216 1.7289
48.4765 43.0833 153.1244 1.6195
-26.6110 -48.3818 -317.7540 1.6645
-28.5818 8.9022 -64.0717 1.7733
-19.5647 -42.1695 -236.2174 1.7209
-4.0629 48.4373 125.3311 1.6202
21.6620 -0.1074 -14.1669 1.7605
45.3510 3.4894 79.9256 1.7493
-45.3295 10.6940 52.5964 1.6791
6.3404 8.5695 -100.0802 1.6727
14.0697 13.2485 182.0344 1.6782
6.4651 23.1685 401.5764 1.6538
22.0754 30.6243 -25.6752 1.7193
37.0814 -19.2308 -328.8575 1.6130
48.3341 -7.6285 301.4676 1.7797
30.6784 4.5710 -252.7378 1.6858
-39.4619 -8.8920 64.7433 1.7756
-36.3100 -36.5720 -143.2912 1.7343
-35.8154 28.4063 -2.8054 1.6915
19.0487 36.6702 35.5309 1.6937
19.4696 6.1076 -157.5954 1.6579
-19.2702 1.7226 -73.3656 1.6443
48.4494 16.1954 -32.0675 1.6486
-9.2983 -18.1696 -244.4515 1.7147
-45.6268 29.1877 -316.6001 1.6596
38.9656 -7.2898 71.1420 1.6246
-15.9923 1.1298 -201.5181 1.7493
45.4373 -6.0059 72.4544 1.6954
29.4532 -45.6280 -109.8752 1.6965
-21.2115 13.5378 20.2925 1.6379
26.7794 -7.4549 284.3410 1.7711
-20.0576 -13.2350 -41.1794 1.6261
25.2984 7.2293 -19.1786 1.6580
-4.5678 33.0545 -64.2160 1.6363
-7.4770 2.7624 24.3039 1.5999
36.3920 22.1750 -37.1549 1.7795
30.3202 11.4733 30.3047 1.6571
-25.9381 42.3806 58.9379 1.7611
32.3465 -39.3788 71.9360 1.7295
-12.6019 0.6545 65.6834 1.7369
-48.4135 24.4776 -32.5629 1.6345
12.4730 -48.4761 247.9611 1.6083
14.7610 -16.7704 -199.7390 1.7913
25.1837 24.7515 258.2071 1.7544
0.5689 15.1348 -84.4515 1.6220
-9.2751 36.4838 150.3252 1.7716
28.1773 -1.9053 -120.4731 1.6408
33.8742 -0.2633 5.4439 1.7982
-19.8372 -31.0166 22.9091 1.7066
-34.6769 -45.3621 73.4135 1.7330
2.6603 -17.4683 191.8521 1.6925
-39.5526 32.2132 326.1396 1.7651
-15.7419 -25.9391 127.6977 1.7778
10.0514 -42.5727 -41.6575 1.7418
-36.6065 19.0464 -85.0750 1.6804
23.1842 -45.6169 536.9602 1.6381
-38.0101 -39.5952 -42.4878 1.7670
-48.4122 5.8068 -125.2747 1.6303
-45.6009 -30.5715 68.3811 1.7341
-39.2446 -15.4921 -99.5296 1.6641
29.1243 48.4105 163.0254 1.6688
-4.2107 18.1906 184.8890 1.7059
