2991 0
66 94
66 925
66 499
66 512
661 9
661 683
661 786
661 863
661 199
661 856
661 358
661 485
661 115
9 625
9 683
9 571
9 199
863 358
863 197
863 786
199 351
199 571
199 485
358 197
358 305
358 856
627 236
627 278
627 659
808 410
808 753
808 247
808 616
808 334
808 451
544 359
544 18
544 142
544 247
544 451
544 156
359 368
359 156
359 535
359 259
359 18
247 410
247 546
247 142
247 451
413 882
413 760
413 34
413 326
413 532
882 760
882 499
882 945
882 532
532 326
532 945
532 376
532 752
34 760
34 326
34 828
326 752
326 874
326 828
752 376
752 898
752 874
752 849
162 377
162 308
162 746
162 687
162 419
162 998
162 400
162 5
683 625
683 786
683 314
596 363
596 552
596 841
596 770
552 730
552 363
552 116
552 770
416 931
416 351
416 943
416 595
416 545
416 357
416 236
416 933
416 851
236 931
236 278
236 659
236 851
398 659
398 278
398 324
398 328
398 459
398 931
659 278
659 931
278 324
278 757
278 851
324 757
324 935
324 651
324 328
651 7
651 456
651 328
651 935
651 768
729 24
729 456
729 652
729 768
729 737
588 665
588 351
588 630
588 962
588 225
588 978
588 649
588 861
822 640
822 76
822 285
822 200
822 86
456 24
456 7
456 768
456 515
956 652
956 24
956 890
956 223
956 395
956 280
225 978
225 962
225 330
775 33
775 667
775 650
775 739
775 948
775 36
33 870
33 45
33 667
33 310
33 36
947 14
947 719
947 375
947 408
947 174
947 568
48 308
48 351
48 572
48 578
48 933
48 234
48 858
48 188
308 281
308 351
308 377
308 400
308 723
308 226
308 188
534 592
534 610
534 578
534 572
534 296
933 234
933 943
933 465
933 351
933 462
949 609
949 292
949 168
949 885
949 503
949 348
609 446
609 181
609 292
609 436
609 885
168 633
168 292
168 818
168 486
168 348
545 357
545 595
545 926
545 458
545 393
105 618
105 137
105 454
105 595
137 163
137 621
137 576
137 595
137 618
595 943
595 576
595 926
595 454
618 163
618 454
618 374
454 943
454 374
911 142
911 18
911 109
911 235
911 868
911 860
142 868
142 546
142 18
18 259
18 109
868 546
868 556
868 860
109 611
109 235
109 259
109 612
156 368
156 451
156 232
156 904
451 334
451 904
368 535
368 232
368 967
368 355
967 270
967 889
967 535
967 378
967 355
418 593
418 753
418 297
418 844
418 242
418 616
753 410
753 616
753 423
753 593
707 971
707 297
707 593
707 491
707 450
707 983
593 423
593 491
593 297
849 898
849 124
849 376
849 79
849 715
945 512
945 499
945 376
945 361
376 715
376 361
715 589
715 732
715 79
715 361
122 762
122 809
122 553
122 917
506 553
506 521
506 913
506 917
506 32
506 474
998 419
998 792
998 5
998 827
998 29
571 118
571 363
571 625
571 409
571 523
115 485
115 586
115 856
115 41
115 875
996 529
996 305
996 875
996 41
996 190
996 856
305 197
305 856
305 425
305 529
875 856
875 41
786 197
786 314
786 854
197 425
197 854
425 529
425 274
425 403
425 854
905 220
905 764
905 894
905 379
485 351
485 586
485 466
485 861
485 317
485 371
200 285
200 86
200 946
86 995
86 829
86 764
86 861
86 640
86 317
86 946
857 363
857 118
857 414
857 121
857 979
857 761
857 673
392 749
392 121
392 761
392 993
392 159
392 582
749 993
749 128
749 414
749 121
121 414
121 761
761 673
761 582
802 70
802 823
802 524
802 178
802 487
802 360
783 206
783 484
783 900
783 154
900 154
900 725
900 206
900 98
429 703
429 144
429 543
429 979
429 730
979 363
979 730
979 673
979 543
730 363
730 116
730 703
730 27
703 144
703 27
144 543
144 27
144 260
144 991
931 351
931 459
931 695
328 7
328 459
328 520
652 24
652 890
652 737
652 850
890 806
890 346
890 223
890 850
76 888
76 81
76 285
76 640
76 615
640 861
640 615
285 888
285 946
285 447
946 12
946 829
946 447
867 85
867 498
867 447
867 888
867 697
867 293
447 888
447 12
447 498
888 81
888 697
697 293
697 992
697 81
697 674
674 81
674 467
674 992
674 395
674 289
611 346
611 235
611 806
611 612
611 177
293 992
293 800
293 920
293 85
293 164
24 515
24 280
24 989
7 515
7 520
7 803
989 515
989 280
989 295
989 80
217 280
217 295
217 330
217 467
217 395
217 962
280 395
280 295
295 630
295 962
295 80
395 223
395 467
395 289
962 630
962 330
132 54
132 174
132 495
132 739
132 948
132 719
174 375
174 815
174 54
174 719
739 650
739 755
739 495
739 948
948 734
948 36
948 54
719 14
719 180
719 495
522 503
522 478
522 479
522 815
522 734
522 54
503 478
503 348
503 479
503 885
54 734
54 815
375 815
375 345
375 408
375 146
815 479
815 146
329 79
329 468
329 953
329 748
329 514
329 124
79 468
79 732
79 124
468 732
468 985
468 337
468 953
568 127
568 408
568 14
568 914
568 245
377 936
377 566
377 5
377 188
377 583
377 130
5 827
5 130
827 29
827 432
827 130
827 738
734 36
734 478
734 373
36 310
36 373
135 310
135 870
135 685
135 16
135 735
135 28
310 870
310 373
310 685
837 486
837 818
837 26
837 175
837 286
837 365
16 26
16 685
16 742
16 735
16 365
910 950
910 73
910 561
910 981
910 735
910 742
73 796
73 565
73 950
73 769
73 561
561 492
561 428
561 981
561 769
735 742
735 28
735 981
364 393
364 257
364 239
364 576
364 458
364 926
393 458
393 357
393 320
393 257
576 621
576 926
576 239
458 926
507 592
507 610
507 352
507 839
507 773
507 758
696 483
696 61
696 773
696 628
696 294
696 811
773 483
773 839
773 758
773 811
336 25
336 983
336 450
336 628
336 163
336 294
983 647
983 491
983 25
983 450
450 971
450 61
450 628
628 61
628 294
163 621
163 25
163 374
163 294
60 25
60 621
60 647
60 239
60 747
60 833
25 621
25 647
621 239
239 257
239 747
491 647
491 423
491 706
833 873
833 814
833 747
833 647
833 706
647 706
702 556
702 546
702 814
702 410
702 423
702 706
556 814
556 694
556 546
556 860
546 410
814 873
814 694
814 706
410 423
423 706
229 737
229 768
229 862
229 932
229 102
229 935
737 768
737 850
737 102
768 935
935 932
935 757
694 873
694 860
694 318
694 412
862 606
862 932
862 318
862 102
862 412
318 860
318 102
318 412
259 535
259 612
259 869
535 378
535 869
378 270
378 869
378 554
378 52
270 889
270 872
270 279
270 52
256 164
256 554
256 800
256 869
256 612
256 177
869 554
869 612
612 177
904 232
904 334
904 871
904 35
220 764
220 316
220 884
220 379
220 13
995 829
995 764
995 13
764 894
764 317
764 13
12 542
12 498
12 829
12 672
829 13
829 672
13 316
13 672
299 101
299 367
299 405
299 153
299 798
299 918
484 155
484 206
484 154
484 923
484 394
70 366
70 823
70 237
70 524
70 399
311 301
311 756
311 623
311 799
311 92
311 213
708 108
708 0
708 62
708 127
708 914
708 728
58 77
58 17
58 205
58 779
58 284
58 57
704 495
704 755
704 528
704 152
704 180
704 727
495 755
495 180
755 650
755 958
755 528
528 958
528 430
528 152
528 171
4 722
4 504
4 892
4 853
4 420
4 88
722 714
722 230
722 114
722 504
722 88
913 521
913 474
913 973
913 276
913 133
124 898
124 514
124 636
241 828
241 960
241 508
241 521
241 553
241 809
828 760
828 874
828 960
828 508
960 760
960 281
960 657
960 809
521 553
521 276
521 508
553 809
553 917
809 762
809 657
512 925
512 499
512 361
512 574
925 94
925 965
925 637
925 574
361 589
361 574
129 101
129 367
129 369
129 282
129 268
129 963
367 101
367 405
367 963
367 567
400 746
400 723
400 832
723 226
723 832
657 267
657 281
657 762
657 228
657 110
261 29
261 792
261 419
261 687
261 912
261 444
29 792
29 432
29 912
792 419
419 687
687 746
687 838
687 444
444 838
444 387
444 902
444 912
625 314
625 523
625 325
529 274
529 190
529 391
315 317
315 265
315 379
315 580
315 894
315 10
317 265
317 801
317 894
317 861
317 371
379 884
379 580
379 894
580 884
580 10
580 401
580 600
37 134
37 287
37 807
37 907
37 785
37 87
846 909
846 288
846 165
846 253
846 263
112 449
112 401
112 785
112 600
112 253
112 263
401 10
401 449
401 600
401 954
10 265
10 211
10 954
246 928
246 366
246 826
246 823
246 21
246 558
928 39
928 896
928 366
928 321
928 826
366 823
366 399
366 39
823 21
823 178
681 524
681 689
681 360
681 111
681 789
681 780
524 237
524 689
524 360
206 155
206 118
206 679
206 98
206 389
106 966
106 677
106 993
106 221
106 128
106 414
966 509
966 350
966 340
966 414
966 677
677 111
677 221
677 780
677 509
993 128
993 159
993 221
128 414
414 118
414 340
509 780
509 350
509 569
509 976
780 111
780 789
780 976
540 209
540 291
540 892
540 853
540 733
540 988
209 519
209 291
209 356
209 262
209 988
262 617
262 547
262 233
262 356
262 988
497 787
497 623
497 626
497 547
497 938
497 422
623 756
623 787
623 213
623 626
626 617
626 547
626 213
626 71
547 617
547 233
547 422
27 260
27 116
27 44
301 469
301 240
301 756
301 799
301 193
301 518
617 356
617 71
617 692
692 356
692 19
692 930
692 71
692 266
356 519
356 266
673 543
673 582
673 362
543 991
543 362
691 937
691 198
691 384
691 107
691 620
691 441
384 107
384 665
384 198
107 665
107 351
107 441
441 351
441 208
441 620
157 102
157 860
157 850
157 235
157 346
102 850
102 860
860 235
850 346
235 346
346 806
120 330
120 978
120 861
120 615
120 467
120 81
330 978
330 467
978 861
861 351
861 615
615 81
467 81
501 223
501 806
501 289
501 177
501 800
501 992
223 806
223 289
806 177
289 992
177 800
800 992
800 164
630 649
630 80
630 161
665 351
665 649
665 198
665 161
649 161
927 803
927 515
927 80
927 161
927 198
803 515
803 937
803 198
803 520
515 80
80 161
161 198
198 937
492 283
492 428
492 89
492 981
492 204
981 28
981 204
381 622
381 45
381 664
381 870
381 28
381 204
622 453
622 45
622 473
622 645
622 664
45 870
45 667
45 453
870 28
28 204
204 664
204 89
944 385
944 411
944 82
944 171
944 430
944 745
953 337
953 482
953 748
953 189
650 958
650 667
650 426
114 230
114 929
114 88
114 646
114 207
406 284
406 779
406 929
406 0
406 230
406 108
284 714
284 230
284 779
284 57
779 205
779 972
779 108
230 714
230 929
108 0
108 972
108 728
592 610
592 296
592 352
592 690
592 187
296 572
296 700
296 876
296 835
296 187
296 847
572 578
572 188
572 847
188 566
188 847
876 700
876 835
876 957
876 488
876 143
852 957
852 488
852 590
852 663
852 565
852 502
957 488
957 502
957 22
957 700
565 796
565 950
565 502
565 663
619 578
619 610
619 758
619 462
619 234
619 858
578 610
578 858
610 758
758 811
758 462
234 858
234 462
195 175
195 690
195 187
195 700
195 22
195 286
187 700
187 690
700 22
20 175
20 690
20 352
20 304
20 633
20 818
175 818
175 286
175 690
690 352
352 839
352 304
818 633
818 486
821 26
821 685
821 373
821 478
821 486
821 348
26 685
26 486
26 365
685 373
373 478
478 348
486 348
648 365
648 742
648 950
648 502
648 286
648 22
365 286
365 742
742 950
950 502
502 22
286 22
796 663
796 8
796 769
796 424
100 55
100 686
100 298
100 424
100 769
100 428
424 769
424 147
424 686
424 8
769 428
428 298
428 283
149 320
149 257
149 606
149 747
149 873
149 412
257 320
257 747
747 873
873 412
412 606
975 320
975 606
975 851
975 757
975 357
975 932
320 357
320 606
606 932
851 357
851 757
757 932
751 811
751 462
751 465
751 374
751 294
751 943
811 294
811 462
462 465
465 943
374 294
374 943
53 920
53 85
53 710
53 498
53 431
53 542
85 920
85 498
498 542
2 123
2 831
2 909
2 288
2 845
2 836
288 909
288 710
288 431
288 165
288 836
538 35
538 541
538 96
538 549
538 65
538 871
889 355
889 872
889 136
889 302
921 249
921 541
921 355
921 232
921 302
921 35
541 96
541 148
541 249
541 35
355 232
355 302
232 35
35 871
302 136
302 249
302 693
61 483
61 971
61 712
839 483
839 304
839 877
483 712
483 877
185 51
185 446
185 292
185 633
185 877
185 304
446 181
446 292
446 602
446 51
292 633
633 304
877 712
877 51
877 304
15 602
15 844
15 51
15 297
15 971
15 712
602 103
602 181
602 844
602 51
844 103
844 242
844 297
51 712
297 971
971 712
672 316
672 542
672 224
542 431
542 224
431 710
431 165
431 224
271 605
271 682
271 813
271 321
271 443
271 826
826 558
826 443
826 321
282 268
282 445
282 669
282 369
282 603
405 153
405 567
405 166
567 637
567 965
567 963
567 166
219 688
219 897
219 1
219 740
219 64
798 153
798 919
798 918
798 688
798 64
21 178
21 558
21 477
21 438
101 369
101 918
101 97
951 342
951 629
951 97
951 918
951 688
951 897
918 688
918 97
688 897
688 64
923 155
923 394
923 794
923 433
258 740
258 1
258 333
258 155
258 794
258 433
740 434
740 643
740 155
740 1
740 64
333 794
333 570
333 795
333 1
433 155
433 794
794 570
794 394
794 141
394 154
394 141
154 725
154 158
154 141
243 307
243 222
243 158
243 176
243 570
243 141
158 725
158 916
158 222
158 141
570 795
570 176
570 141
275 78
275 930
275 594
275 527
275 896
275 39
930 19
930 266
930 78
930 594
399 39
399 237
399 564
399 915
39 896
39 527
39 915
59 71
59 213
59 92
59 19
59 776
59 881
71 213
71 19
213 92
92 799
92 533
92 881
19 594
19 776
881 533
881 575
881 72
881 776
682 605
682 251
682 825
682 813
682 69
396 99
396 639
396 668
396 269
396 711
396 865
251 605
251 980
251 825
251 99
251 810
99 825
99 639
99 865
99 810
896 321
896 78
896 859
321 605
321 859
605 980
605 859
603 331
603 268
603 445
603 678
603 559
344 573
344 639
344 671
344 721
344 69
344 825
573 385
573 411
573 639
573 668
573 671
639 668
639 825
69 721
69 255
69 825
69 813
482 337
482 745
482 82
482 189
482 984
559 331
559 985
559 337
559 678
559 984
337 985
337 984
445 669
445 83
445 678
445 968
721 255
721 83
721 671
721 968
83 669
83 255
83 660
83 968
171 152
171 430
171 385
171 670
385 411
385 668
385 670
668 269
668 670
824 91
824 646
824 705
824 88
824 853
824 733
646 91
646 494
646 88
646 207
88 853
853 892
853 733
711 91
711 705
711 269
711 865
711 505
494 91
494 84
494 244
494 207
494 505
91 705
91 505
440 84
440 727
440 152
440 505
440 269
440 670
152 727
152 670
505 269
505 84
269 670
306 84
306 244
306 245
306 14
306 727
306 180
84 244
84 727
14 180
14 245
727 180
886 508
886 874
886 276
886 104
886 898
886 636
508 874
508 276
874 898
276 133
276 104
898 636
636 516
636 104
636 514
104 133
104 516
104 598
133 548
133 973
133 598
963 268
963 637
963 323
637 965
637 574
637 323
268 331
268 323
574 589
574 323
746 838
746 832
746 878
577 267
577 281
577 40
577 338
577 11
912 902
912 432
912 31
901 147
901 902
901 387
901 632
901 138
901 686
147 686
147 8
147 31
147 902
902 387
902 31
686 55
686 138
778 335
778 585
778 40
778 555
778 110
778 267
40 267
40 338
40 335
267 281
267 110
510 110
510 228
510 917
510 32
510 555
510 762
110 228
110 555
228 762
917 32
917 762
240 469
240 750
240 518
240 327
240 95
841 363
841 770
841 767
841 402
841 339
339 402
339 767
339 327
339 658
327 518
327 767
327 95
327 415
327 658
523 409
523 940
523 699
523 325
523 634
586 466
586 41
586 513
586 74
41 190
41 74
173 391
173 562
173 601
173 551
173 74
173 190
74 513
74 551
74 190
190 391
391 274
391 562
391 880
807 907
807 23
807 150
807 87
807 906
134 287
134 785
134 449
134 613
954 449
954 211
954 463
954 613
449 785
449 613
613 287
613 463
613 840
87 287
87 906
87 417
87 843
287 840
287 843
196 263
196 909
196 526
196 907
196 785
196 845
263 909
263 253
263 785
909 845
526 455
526 845
526 23
526 907
526 191
907 785
907 23
845 831
845 455
159 221
159 582
159 227
159 887
111 221
111 689
111 887
221 887
789 360
789 976
789 254
789 131
360 487
360 131
389 679
389 98
389 117
679 118
679 539
679 117
537 439
537 435
537 539
537 118
537 117
539 118
539 117
117 98
117 439
725 98
725 916
725 587
98 439
98 587
350 340
350 569
350 879
350 216
439 435
439 587
439 676
587 916
587 855
587 676
210 976
210 569
210 855
210 916
210 222
210 254
976 569
976 254
569 879
569 855
855 879
855 916
855 676
916 222
222 307
222 254
254 307
254 131
787 756
787 938
787 383
787 452
756 469
756 452
469 750
469 452
472 44
472 193
472 518
472 767
472 770
472 116
518 193
518 767
767 770
770 116
116 44
784 44
784 193
784 533
784 799
784 277
784 260
44 260
44 193
193 799
533 575
533 277
533 799
260 991
260 277
266 78
266 519
266 614
78 859
78 614
859 980
859 614
582 227
582 362
582 214
895 575
895 250
895 214
895 362
895 991
895 277
575 277
575 72
575 250
250 530
250 788
250 72
250 214
214 227
214 362
214 788
362 991
991 277
202 977
202 77
202 489
202 964
202 169
202 720
77 17
77 205
77 489
77 977
972 205
972 728
972 370
972 290
205 977
205 290
937 520
937 620
937 777
459 695
459 520
459 777
520 777
298 283
298 55
298 819
973 548
973 283
973 474
973 819
283 548
283 89
283 819
476 62
476 127
476 408
476 192
476 848
476 345
127 408
127 62
127 914
408 345
848 982
848 805
848 345
848 192
345 146
345 982
641 334
641 871
641 65
641 616
641 461
641 242
334 616
334 871
871 65
616 242
242 103
242 461
65 549
65 461
65 999
805 982
805 43
805 192
805 549
805 999
549 96
549 192
549 999
218 43
218 436
218 461
218 103
218 999
218 181
461 103
461 999
103 181
999 43
181 436
883 43
883 436
883 982
883 885
883 146
883 479
43 982
43 436
436 885
982 146
885 479
146 479
713 426
713 970
713 675
713 453
713 667
713 473
453 667
453 473
667 426
30 426
30 958
30 970
30 430
30 745
30 189
426 958
426 970
958 430
970 675
970 189
430 745
745 82
745 189
189 748
189 675
974 514
974 748
974 675
974 473
974 645
974 516
514 748
514 516
748 675
675 473
473 645
516 598
516 645
701 207
701 244
701 929
701 245
701 914
701 0
207 929
207 244
244 245
929 0
245 914
914 0
790 143
790 583
790 130
790 738
790 488
790 590
130 583
130 738
488 143
488 590
536 847
536 835
536 143
536 583
536 566
536 936
847 835
847 566
835 143
143 583
583 936
566 936
554 52
554 164
554 717
920 164
920 710
920 717
164 717
136 872
136 693
136 638
136 421
390 224
390 316
390 165
390 884
390 600
390 253
224 316
224 165
316 884
165 253
884 600
600 253
434 643
434 155
434 771
643 64
643 771
919 153
919 731
919 64
919 771
155 118
155 771
64 771
499 94
499 760
499 771
760 281
760 771
281 118
281 226
281 939
281 11
281 771
965 94
965 166
965 952
404 231
404 629
404 97
404 369
404 660
404 669
629 342
629 726
629 231
629 97
97 369
369 669
669 660
558 443
558 477
558 655
477 438
477 726
477 655
726 342
726 231
726 438
726 46
726 655
457 813
457 255
457 660
457 443
457 655
457 231
813 443
813 255
255 660
660 231
443 655
655 231
604 1
604 897
604 795
604 309
604 46
604 342
1 897
1 795
897 342
795 176
795 309
342 46
264 594
264 527
264 915
264 530
264 72
264 776
594 776
594 527
527 915
915 530
915 564
530 788
530 564
530 72
72 776
714 504
714 57
714 656
57 17
57 656
57 313
733 291
733 705
733 893
705 865
705 893
865 810
865 893
139 984
139 678
139 968
139 671
139 411
139 82
984 82
984 678
678 968
968 671
671 411
411 82
797 598
797 548
797 664
797 89
797 645
598 548
598 645
548 89
664 645
664 89
273 323
273 589
273 331
273 732
273 985
323 331
323 589
589 732
331 985
732 985
248 335
248 338
248 878
248 632
248 387
248 838
335 338
335 632
335 585
632 585
632 138
632 387
387 838
838 878
372 878
372 338
372 11
372 939
372 226
372 832
878 832
878 338
338 11
11 939
939 226
226 832
525 590
525 738
525 432
525 31
525 8
525 663
590 663
590 738
738 432
432 31
31 8
8 663
599 402
599 363
599 654
402 363
402 658
402 684
402 654
363 118
363 409
363 654
654 409
654 272
654 684
908 699
908 940
908 203
908 820
908 427
403 274
403 854
403 994
403 955
274 880
274 347
274 955
23 150
23 191
23 653
997 840
997 511
997 463
997 922
997 93
997 635
840 490
840 511
840 463
840 843
463 211
463 922
631 601
631 551
631 635
631 63
631 903
631 511
601 608
601 562
601 63
601 551
551 513
551 635
635 513
635 93
635 511
511 490
511 903
736 150
736 830
736 969
736 906
736 68
736 812
150 906
150 653
150 830
906 417
906 812
924 843
924 490
924 140
924 759
924 417
924 903
843 490
843 417
490 903
417 812
417 140
903 63
903 759
437 265
437 211
437 922
437 407
437 349
437 801
265 801
265 211
211 922
922 407
922 93
349 371
349 842
349 801
349 407
801 371
475 407
475 93
475 513
475 466
475 842
475 371
407 842
407 93
93 513
513 466
466 371
842 371
47 887
47 227
47 788
47 564
47 689
47 237
887 227
887 689
227 788
788 564
564 237
689 237
176 309
176 307
176 493
131 307
131 487
131 493
307 493
252 216
252 879
252 676
252 435
252 118
252 340
216 340
216 879
879 676
676 435
435 118
118 340
118 771
560 597
560 470
560 988
560 892
560 233
560 420
988 892
988 233
892 420
233 422
233 597
754 834
754 183
754 3
754 422
754 938
754 597
834 183
834 303
834 383
834 938
834 765
183 448
183 303
183 961
183 3
3 470
3 6
3 597
3 961
422 938
422 597
938 383
597 470
452 383
452 750
452 781
383 765
383 781
249 148
249 693
249 741
872 279
872 638
872 816
891 620
891 208
891 777
891 695
891 351
620 208
620 777
208 351
777 695
695 351
819 55
819 474
819 182
32 474
32 555
32 182
474 182
581 192
581 62
581 370
581 148
581 96
581 728
192 96
192 62
62 728
370 728
370 290
370 741
370 148
148 96
148 741
941 836
941 710
941 717
941 52
941 123
941 279
836 710
836 123
710 717
717 52
52 279
123 831
123 816
123 279
279 816
517 731
517 153
517 166
517 952
517 771
517 94
731 153
731 771
153 166
166 952
952 94
771 94
470 6
470 420
470 184
420 504
420 184
504 656
504 184
17 489
17 313
17 579
489 720
489 724
489 579
969 763
969 830
969 194
969 68
969 397
332 893
332 810
332 614
332 519
332 291
332 980
893 810
893 291
810 980
614 519
614 980
519 291
201 666
201 500
201 272
201 409
201 743
272 409
272 684
272 743
940 409
940 699
940 820
940 557
955 994
955 698
955 347
955 215
427 203
427 820
427 49
427 126
427 987
203 699
203 987
303 448
303 765
303 772
303 38
750 95
750 781
750 167
95 415
95 167
95 125
191 455
191 766
191 653
191 460
169 959
169 964
169 720
169 766
169 460
119 493
119 309
119 46
119 438
119 487
119 178
493 309
493 487
309 46
46 438
438 178
487 178
804 741
804 290
804 977
804 964
804 693
804 421
741 290
741 693
290 977
977 964
964 959
964 421
693 421
421 638
421 959
354 816
354 831
354 638
354 455
354 959
354 766
816 638
816 831
831 455
638 959
455 766
959 766
766 460
179 138
179 55
179 182
179 555
179 585
138 585
138 55
55 182
182 555
555 585
656 313
656 184
656 442
184 6
184 442
6 961
6 151
6 442
634 699
634 325
634 471
699 987
699 471
987 126
987 471
987 300
126 49
126 864
126 215
126 300
215 698
215 864
215 994
215 300
75 167
75 781
75 765
75 774
75 341
75 772
167 781
167 125
167 774
781 765
765 772
500 666
500 409
500 680
409 557
409 680
864 49
864 550
864 698
864 386
67 460
67 653
67 763
67 830
67 724
67 720
460 653
460 720
653 830
763 830
763 238
763 724
763 397
724 720
724 238
724 579
812 140
812 68
812 145
68 194
68 186
68 145
140 759
140 716
140 145
113 579
113 238
113 442
113 151
113 313
113 380
579 238
579 313
238 397
238 380
442 313
442 151
961 448
961 151
961 464
151 380
151 464
448 38
448 782
448 464
397 194
397 380
397 496
380 464
380 496
464 782
464 496
644 300
644 471
644 325
644 314
644 994
644 854
300 994
300 471
471 325
325 314
314 854
994 854
990 341
990 772
990 172
990 38
990 934
990 866
772 38
772 341
38 782
38 934
194 186
194 496
194 481
782 934
782 496
782 481
496 481
343 563
343 550
343 386
343 170
343 480
343 718
341 774
341 172
341 531
172 322
172 986
172 866
172 531
774 125
774 531
774 212
531 986
531 42
531 212
42 56
42 986
42 709
42 212
658 415
658 684
658 382
684 743
684 382
743 666
743 312
743 382
353 49
353 550
353 563
353 899
353 557
353 820
49 550
49 820
550 563
550 386
557 820
557 680
557 899
386 170
386 698
386 607
698 347
698 607
880 347
880 562
880 817
347 607
347 817
607 170
607 744
607 817
562 608
562 817
817 744
817 608
817 50
145 186
145 716
145 791
591 866
591 160
591 791
591 186
591 481
591 934
866 322
866 160
866 934
186 481
186 791
481 934
480 56
480 709
480 563
480 718
480 388
563 899
563 388
709 56
709 212
709 388
709 624
759 63
759 716
759 584
63 608
63 584
608 50
608 584
170 718
170 744
170 662
744 50
744 662
942 624
942 312
942 388
942 666
942 899
942 680
388 899
388 624
666 680
666 312
899 680
90 624
90 212
90 125
90 415
90 382
90 312
624 212
624 312
212 125
125 415
415 382
382 312
584 716
584 50
584 793
716 791
716 793
791 160
791 793
718 56
718 662
718 642
986 322
986 56
986 642
56 642
319 642
319 662
319 793
319 160
319 322
319 50
642 662
642 322
662 50
793 50
793 160
160 322
