2990 0
472 988
472 943
472 734
472 823
975 252
975 716
975 903
975 76
975 670
252 317
252 903
252 600
252 966
252 265
252 795
429 867
429 432
429 730
429 500
429 496
429 221
867 432
867 86
867 221
203 976
203 263
203 780
203 474
647 751
647 263
647 976
647 109
647 49
647 784
976 109
976 621
976 263
976 780
462 515
462 185
462 521
462 49
462 406
462 683
49 406
49 109
49 784
49 521
109 621
109 406
109 990
621 925
621 780
621 262
621 990
823 734
823 943
823 628
823 375
493 181
493 124
493 286
493 910
493 962
493 204
705 32
705 800
705 543
705 76
705 12
664 32
664 800
664 670
664 76
664 571
664 931
32 931
32 280
32 12
32 800
800 76
670 874
670 716
670 76
670 571
931 280
931 571
931 230
600 317
600 966
600 579
600 526
619 579
619 966
619 863
619 272
690 915
690 545
690 242
690 150
828 805
828 507
828 727
828 933
828 972
776 66
776 47
776 636
776 354
776 581
776 936
246 264
246 15
246 671
246 166
246 549
246 182
215 485
215 831
215 942
215 304
215 116
622 646
622 831
622 485
622 271
622 317
622 805
622 86
622 112
622 652
622 48
86 432
86 805
86 221
86 48
221 496
221 48
221 502
40 993
40 440
40 805
40 507
40 597
40 533
627 262
627 925
627 641
627 978
627 780
262 925
262 641
262 384
262 990
925 780
263 474
263 751
263 188
751 34
751 784
751 802
751 188
963 198
963 323
963 766
963 385
963 292
963 750
323 812
323 183
323 298
323 198
323 766
298 183
298 955
298 497
298 198
298 739
955 497
955 592
955 208
955 739
185 886
185 515
185 547
185 683
185 532
683 547
683 521
683 712
683 61
547 302
547 583
547 532
547 61
288 991
288 184
288 0
288 459
288 305
288 227
17 466
17 513
17 478
17 326
17 793
17 869
424 611
424 16
424 63
424 196
424 29
424 441
361 737
361 266
361 854
361 160
361 58
361 953
94 78
94 882
94 455
94 300
94 905
94 921
802 34
802 188
802 807
802 478
802 226
478 326
478 34
478 513
478 226
882 78
882 405
882 300
882 421
469 686
469 568
469 605
469 2
469 426
469 22
143 686
143 568
143 793
143 466
143 135
143 754
686 568
686 426
686 9
686 754
466 403
466 135
466 513
466 793
754 438
754 135
754 20
754 9
904 23
904 403
904 438
904 865
904 218
904 135
135 403
135 438
337 23
337 403
337 226
337 552
337 816
337 513
403 513
403 23
513 226
483 36
483 816
483 552
483 612
483 787
483 456
687 358
687 339
687 961
687 365
687 455
687 78
78 405
78 455
78 961
427 851
427 28
427 180
427 396
427 388
427 372
531 286
531 384
531 679
531 990
531 406
531 515
286 981
286 384
286 910
286 181
286 679
286 434
384 981
384 641
384 990
679 181
679 886
679 515
990 406
406 515
515 886
518 641
518 981
518 434
518 946
518 836
518 978
641 981
641 978
981 434
946 81
946 957
946 434
946 75
946 836
836 75
836 978
596 248
596 54
596 194
596 668
596 833
596 900
54 268
54 757
54 248
54 239
54 900
194 833
194 722
194 668
194 728
194 742
900 236
900 770
900 239
900 99
900 668
100 844
100 883
100 845
100 588
100 439
100 172
100 275
172 283
172 672
172 162
172 845
172 970
172 275
162 943
162 716
162 644
162 995
162 348
162 491
162 672
162 275
499 204
499 415
499 258
499 910
499 434
499 81
204 415
204 706
204 910
204 962
415 706
415 293
415 254
415 258
258 608
258 453
258 81
258 254
910 434
434 81
81 957
81 453
414 192
414 195
414 739
414 183
414 320
739 631
739 195
739 183
739 208
183 812
183 320
192 950
192 195
192 149
192 320
192 911
320 74
320 753
320 812
320 911
571 874
571 230
571 154
149 950
149 451
149 911
149 190
149 847
76 903
76 543
76 919
915 986
915 62
915 242
915 545
915 159
470 272
470 799
470 819
470 126
470 966
272 966
272 799
272 863
799 332
799 815
799 863
799 819
126 610
126 394
126 966
126 819
966 265
966 555
966 579
966 610
103 986
103 62
103 315
103 634
103 505
103 789
772 898
772 445
772 840
772 613
772 430
772 450
528 555
528 340
528 610
528 516
610 394
610 555
610 516
394 819
394 516
394 257
394 303
819 815
819 303
815 332
815 200
815 303
507 805
507 727
507 533
507 708
933 727
933 972
933 167
332 863
332 200
332 321
332 895
332 598
863 579
863 598
579 526
579 598
440 993
440 533
440 791
440 763
440 404
763 791
763 131
763 381
763 14
763 404
655 381
655 14
655 875
655 623
655 77
655 333
381 14
381 131
381 31
381 875
77 168
77 743
77 333
77 880
77 623
37 335
37 725
37 893
37 459
37 305
37 270
732 971
732 890
732 983
732 141
732 494
732 637
15 264
15 671
15 442
15 285
15 110
301 166
301 549
301 744
301 592
301 569
264 285
264 165
264 166
264 934
166 549
166 569
166 934
725 335
725 729
725 893
725 930
725 663
549 182
549 744
549 362
549 443
671 442
671 182
671 696
671 786
801 89
801 646
801 52
801 570
948 951
948 485
948 27
948 985
948 389
948 821
84 985
84 219
84 173
84 951
84 27
27 951
27 985
821 485
821 389
821 503
485 831
485 271
485 951
485 304
485 503
304 116
304 503
95 794
95 557
95 353
95 700
95 633
95 774
353 713
353 136
353 700
353 841
353 774
557 794
557 108
557 774
557 250
557 147
460 329
460 136
460 397
460 841
460 431
460 174
841 4
841 700
841 136
841 431
397 885
397 329
397 97
397 174
397 13
13 97
13 357
13 912
13 174
13 820
316 482
316 8
316 691
316 989
316 125
316 508
989 228
989 740
989 234
989 482
989 125
730 724
730 432
730 500
730 539
730 243
724 432
724 243
724 891
432 805
432 891
92 504
92 573
92 921
92 873
92 617
92 356
921 573
921 467
921 300
921 905
921 873
746 191
746 536
746 548
746 7
746 231
746 666
536 191
536 937
536 269
536 476
536 666
991 184
991 476
991 269
991 305
991 351
305 459
305 270
305 351
186 188
186 807
186 474
186 787
186 780
188 474
188 807
474 780
780 943
780 271
780 871
780 787
780 978
769 766
769 812
769 591
769 346
769 193
769 74
766 812
766 385
766 193
812 74
74 82
74 346
74 753
292 834
292 750
292 385
292 51
292 984
953 458
953 854
953 58
953 213
953 409
611 583
611 16
611 196
611 90
611 523
583 16
583 302
583 61
583 523
886 181
886 532
886 656
181 124
181 656
523 202
523 90
523 302
523 923
854 160
854 178
854 458
854 148
382 24
382 712
382 326
382 521
382 784
382 34
326 34
326 24
326 869
521 712
521 784
784 34
16 63
16 61
16 741
61 712
61 741
712 24
712 741
741 63
741 24
741 164
24 869
24 164
63 441
63 164
63 197
2 605
2 506
2 22
2 771
506 605
506 441
506 538
506 197
506 771
266 737
266 58
266 435
266 501
266 589
731 982
731 117
731 973
731 695
731 614
731 511
365 20
365 339
365 9
365 455
365 838
455 905
455 838
9 20
9 426
9 838
106 905
106 873
106 356
106 22
106 426
106 838
905 873
905 838
873 356
426 22
426 838
101 612
101 552
101 226
101 807
101 787
612 787
612 552
552 816
552 226
226 807
807 787
787 871
787 380
787 456
774 250
774 713
774 207
421 405
421 300
421 207
421 713
421 908
136 713
136 329
136 908
713 207
713 908
974 918
974 133
974 438
974 865
974 339
974 20
918 358
918 694
918 339
918 814
918 133
438 20
438 865
865 218
865 349
865 133
339 20
339 358
803 176
803 271
803 887
803 417
803 11
319 173
319 650
319 887
319 417
319 219
887 417
887 271
887 650
951 271
951 173
951 19
940 650
940 271
940 173
940 19
650 271
650 173
271 317
271 943
271 871
271 176
271 19
173 219
173 19
209 388
209 616
209 70
209 861
209 932
209 603
388 616
388 396
388 372
388 603
563 762
563 927
563 870
563 28
563 396
563 756
396 616
396 28
396 756
385 193
385 51
385 884
51 235
51 122
51 984
51 884
235 956
235 122
235 511
235 973
235 884
308 982
308 973
308 884
308 193
308 395
308 591
973 982
973 511
973 884
884 193
193 591
465 395
465 861
465 932
465 282
465 346
465 591
932 861
932 282
932 279
932 603
346 82
346 282
346 591
591 395
829 395
829 982
829 117
829 107
829 861
829 70
395 982
395 861
982 117
117 987
117 107
117 695
861 70
834 750
834 155
834 984
834 642
834 105
728 668
728 742
728 572
728 293
728 50
668 99
668 50
987 107
987 858
987 695
987 693
987 41
695 614
695 519
695 41
762 927
762 756
762 797
762 544
927 870
927 565
927 680
927 544
742 722
742 572
742 256
742 667
833 722
833 926
833 248
833 367
949 926
949 928
949 491
949 367
949 283
949 672
672 491
672 283
832 926
832 928
832 577
832 364
832 722
832 667
926 722
926 367
926 928
722 667
844 883
844 588
844 565
844 205
883 845
883 205
845 970
845 205
121 588
121 439
121 275
121 851
121 28
121 870
588 439
588 565
588 870
439 275
28 870
28 851
870 565
788 180
788 328
788 275
788 851
180 328
180 21
180 851
180 372
328 471
328 21
328 275
275 716
275 471
275 851
761 202
761 723
761 158
761 923
761 818
761 179
575 368
575 608
575 958
575 453
575 80
453 957
453 608
453 80
999 978
999 943
999 630
999 75
999 80
999 957
978 943
978 75
75 957
80 630
80 958
80 957
444 630
444 958
444 640
444 628
444 943
630 958
630 943
958 640
958 368
628 943
628 375
628 640
943 644
943 988
347 640
347 368
347 639
347 201
347 375
640 375
640 368
375 734
375 201
39 572
39 256
39 254
39 608
39 639
39 368
572 256
572 293
572 254
254 293
254 608
608 368
368 639
998 69
998 342
998 12
998 280
998 651
12 280
12 543
12 69
342 651
342 311
342 69
342 892
902 3
902 43
902 199
902 651
902 280
902 230
651 311
651 280
651 681
651 3
280 230
230 154
230 199
230 352
451 950
451 487
451 847
451 701
451 514
950 195
950 487
950 806
195 631
195 806
631 967
631 79
631 208
631 806
806 487
806 79
806 369
79 492
79 967
79 585
79 369
701 847
701 98
701 514
701 413
847 190
847 98
847 152
480 69
480 543
480 919
480 488
69 543
69 892
69 488
543 919
488 919
488 393
488 892
157 661
157 618
157 584
157 212
157 864
157 314
150 242
150 545
150 5
150 909
626 534
626 587
626 542
626 909
626 609
626 5
584 212
584 55
584 704
584 864
584 373
555 265
555 340
555 111
555 792
340 516
340 792
340 586
516 257
516 586
986 62
986 315
986 159
986 277
317 805
317 526
317 972
317 669
317 606
317 920
354 66
354 581
354 682
354 665
354 53
62 242
62 505
62 907
909 242
909 5
909 534
909 907
242 907
505 789
505 331
505 907
505 808
534 524
534 587
534 907
534 808
907 808
789 634
789 46
789 331
789 601
665 581
665 520
665 53
665 855
665 56
567 241
567 297
567 782
567 436
567 450
567 430
297 241
297 91
297 733
297 778
297 782
131 791
131 654
131 31
131 615
167 727
167 972
167 721
972 669
972 805
972 425
972 721
727 708
727 924
727 721
31 875
31 615
31 645
31 318
702 404
702 14
702 623
702 539
702 313
702 243
404 993
404 14
404 313
14 623
623 743
623 539
539 500
539 743
539 243
243 891
243 313
270 335
270 351
270 387
270 71
335 729
335 479
335 71
399 936
399 804
399 237
399 581
399 520
399 26
936 581
936 636
936 146
936 804
237 971
237 804
237 890
237 853
237 26
581 520
520 56
520 96
520 26
602 964
602 457
602 853
602 983
602 658
602 890
983 890
983 141
983 140
983 658
890 971
890 853
336 964
336 241
336 450
336 898
336 475
336 457
964 658
964 91
964 241
964 457
241 91
241 450
450 430
450 898
898 445
898 10
898 475
345 853
345 457
345 475
345 676
345 96
345 26
853 26
853 457
457 475
475 10
475 676
96 676
96 327
96 56
96 26
809 637
809 971
809 804
809 872
809 137
809 146
637 971
637 494
637 245
637 137
971 804
804 146
137 856
137 341
137 245
137 872
146 636
146 68
146 872
704 55
704 398
704 373
704 128
704 93
362 744
362 443
362 546
362 128
362 93
128 546
128 447
128 373
128 93
165 285
165 934
165 155
165 105
165 161
459 893
459 0
459 965
442 696
442 47
442 110
442 85
285 110
285 161
285 322
151 569
151 497
151 934
151 155
151 750
151 198
569 592
569 497
569 934
497 198
497 592
934 155
155 750
155 105
750 198
408 68
408 33
408 663
408 729
408 341
408 872
663 930
663 729
663 929
663 33
729 479
729 341
341 856
341 872
341 479
872 68
443 182
443 546
443 889
182 786
182 889
546 463
546 330
546 447
546 889
696 47
696 66
696 786
696 495
66 47
66 682
66 495
646 831
646 89
646 112
646 570
646 420
570 8
570 913
570 52
570 420
8 691
8 913
8 482
8 420
691 913
691 4
691 508
691 689
4 431
4 508
4 700
4 689
700 633
700 689
794 108
794 312
794 633
794 717
503 389
503 116
503 527
116 942
116 433
116 527
389 985
389 527
389 87
985 219
985 736
985 87
366 736
366 779
366 620
366 119
366 219
366 417
736 219
736 87
736 779
620 674
620 225
620 119
620 391
620 779
219 417
417 11
417 119
378 168
378 880
378 643
378 464
378 735
378 764
643 464
643 310
643 67
643 625
643 764
210 749
210 357
210 906
210 912
210 400
210 310
357 749
357 564
357 912
357 820
310 906
310 67
310 400
310 464
573 504
573 540
573 467
573 468
912 174
912 906
912 289
174 431
174 289
508 431
508 125
508 289
431 289
996 891
996 313
996 597
996 993
996 805
891 313
891 805
313 993
597 805
597 993
504 540
504 617
504 231
504 376
231 617
231 548
231 191
231 376
184 476
184 227
184 338
184 817
476 269
476 666
476 817
390 666
390 7
390 224
390 127
390 817
390 525
666 7
666 817
7 548
7 825
7 224
817 338
817 525
525 127
525 715
525 148
525 338
73 559
73 454
73 400
73 464
73 104
73 735
400 464
400 749
400 104
464 735
282 82
282 279
282 422
273 190
273 247
273 648
273 911
273 753
273 422
273 82
190 911
190 152
190 247
247 811
247 648
247 214
247 152
911 753
753 82
82 422
603 372
603 279
603 748
603 846
372 21
372 846
484 196
484 901
484 635
484 715
484 178
196 90
196 901
196 29
196 635
715 127
715 635
715 148
715 178
178 458
178 901
178 148
423 409
423 723
423 202
423 458
423 901
423 90
409 843
409 723
409 213
409 458
723 202
723 843
723 158
202 90
202 923
458 901
901 90
759 947
759 843
759 158
759 688
759 170
759 370
843 947
843 213
843 158
158 179
158 688
688 179
688 894
688 562
688 170
170 879
170 370
170 837
170 562
638 148
638 338
638 227
638 624
638 160
638 922
148 338
148 160
338 227
227 624
227 0
160 737
160 922
711 793
711 568
711 605
711 869
711 164
711 197
793 869
793 568
568 605
605 197
869 164
164 197
197 441
261 635
261 127
261 224
261 538
261 29
261 441
635 29
635 127
127 224
224 825
224 538
538 441
538 825
538 771
29 441
798 22
798 356
798 771
798 617
798 548
798 825
22 771
22 356
356 617
771 825
617 548
548 825
947 213
947 370
947 992
213 58
213 992
58 589
58 992
229 693
229 899
229 142
229 837
229 41
229 879
693 858
693 797
693 899
693 41
837 879
837 562
837 860
837 142
41 879
41 519
879 370
879 519
511 956
511 614
511 307
553 885
553 329
553 908
553 300
553 467
885 329
885 97
885 468
885 467
329 908
908 300
300 467
467 468
814 694
814 133
814 35
814 980
814 574
133 349
133 574
659 449
659 38
659 36
659 816
659 218
659 23
38 456
38 36
38 449
36 816
36 456
816 23
218 23
218 349
218 449
119 674
119 11
119 530
11 176
11 530
710 70
710 616
710 107
710 756
710 858
70 616
70 107
616 756
107 858
756 797
756 858
858 797
489 797
489 899
489 544
489 142
489 239
489 268
489 770
797 899
797 544
899 142
544 680
544 268
142 770
142 860
239 268
239 770
268 757
268 680
770 236
770 860
491 348
491 928
491 240
928 577
928 240
407 256
407 639
407 667
407 364
407 418
407 201
256 667
256 639
639 201
667 364
364 577
364 220
364 418
418 201
418 755
418 220
418 775
201 755
201 734
217 775
217 995
217 988
217 644
217 755
217 734
775 348
775 220
775 995
775 755
995 644
995 348
988 644
988 734
755 734
565 680
565 205
565 294
680 757
680 294
205 970
205 294
293 706
293 50
293 752
50 99
50 752
99 236
99 677
99 752
179 894
179 818
179 692
169 656
169 532
169 419
169 302
169 818
169 923
656 532
656 124
656 419
532 302
302 923
818 923
818 692
818 419
709 55
709 492
709 864
709 585
709 343
709 653
55 398
55 492
55 864
492 967
492 585
492 398
864 618
864 343
585 653
585 994
585 369
343 139
343 618
343 410
343 653
477 514
477 487
477 369
477 994
477 944
477 144
514 487
514 413
514 144
487 369
369 994
144 59
144 65
144 413
144 944
65 59
65 835
65 413
65 83
199 43
199 352
199 452
199 260
811 648
811 595
811 214
811 72
811 45
311 410
311 139
311 892
311 681
311 849
363 826
363 941
363 189
363 903
826 941
826 535
826 604
826 134
826 189
941 535
941 830
941 446
941 903
954 919
954 393
954 134
954 189
954 903
919 903
919 393
189 134
189 903
331 808
331 601
331 296
331 790
808 524
808 790
790 296
790 524
790 945
790 129
979 609
979 5
979 903
979 545
979 446
979 542
609 542
609 5
5 545
903 795
903 545
903 446
545 795
545 607
545 159
545 145
446 542
446 830
542 830
542 587
265 795
265 111
265 379
265 132
265 773
795 607
795 132
795 255
840 445
840 827
840 102
840 613
840 896
676 327
676 10
676 550
920 526
920 606
920 699
526 598
526 699
598 895
598 699
53 855
53 959
53 682
53 517
959 855
959 371
959 46
959 578
959 517
682 495
682 760
682 517
46 634
46 371
46 601
46 517
46 259
517 760
517 259
897 233
897 654
897 615
897 678
897 778
897 782
615 778
615 645
615 654
778 733
778 645
778 782
782 436
782 678
952 599
952 509
952 425
952 244
952 924
952 721
924 708
924 721
924 374
924 244
721 425
430 613
430 436
430 177
645 733
645 318
645 377
875 333
875 318
875 707
479 856
479 71
479 481
856 245
856 211
856 481
537 140
537 141
537 781
537 344
537 738
537 299
141 494
141 140
141 299
344 412
344 822
344 781
344 299
344 113
735 880
735 454
735 777
454 559
454 822
454 412
454 777
880 333
880 168
880 777
281 93
281 398
281 967
281 208
281 744
281 592
93 398
93 744
398 967
967 208
208 592
744 592
636 47
636 68
636 848
47 85
47 848
68 33
68 848
64 85
64 110
64 322
64 929
64 33
64 848
85 110
85 848
110 322
322 161
322 558
322 997
322 929
929 33
929 930
929 997
33 848
997 930
997 558
997 977
997 156
930 893
930 156
893 965
893 156
105 642
105 161
105 657
558 161
558 977
558 657
161 657
984 642
984 122
984 960
624 0
624 922
624 726
0 965
0 726
889 786
889 463
889 842
786 495
786 842
495 760
495 842
560 112
560 652
560 420
560 48
560 482
560 740
112 652
112 420
652 48
420 482
48 502
48 740
482 740
740 502
740 228
312 108
312 717
312 433
312 942
312 810
942 831
942 433
942 810
831 89
831 60
831 810
689 913
689 633
689 1
633 717
633 1
913 52
913 1
207 250
207 405
207 768
405 961
405 556
405 768
684 556
684 714
684 594
684 969
684 961
684 358
684 694
556 961
556 768
556 714
969 35
969 694
969 662
969 594
961 358
358 694
694 35
625 234
625 67
625 228
625 764
625 582
228 502
228 234
228 582
502 496
502 582
820 564
820 97
820 758
820 130
97 468
97 130
468 540
468 130
498 289
498 906
498 125
498 67
498 234
289 906
289 125
906 67
125 234
67 234
290 529
290 938
290 351
290 269
290 387
290 937
351 269
351 387
269 937
191 937
191 376
191 862
937 938
937 862
206 299
206 494
206 306
206 211
206 113
206 245
299 494
299 113
494 245
211 245
211 580
211 306
211 481
749 564
749 104
749 878
104 559
104 437
104 878
564 758
564 18
564 878
866 422
866 279
866 648
866 595
866 251
866 748
422 279
422 648
279 748
648 595
595 566
595 251
595 72
748 846
748 251
551 846
551 251
551 566
551 21
551 6
551 471
846 251
846 21
251 566
21 471
471 716
471 785
471 6
490 370
490 519
490 992
490 614
490 307
490 589
370 519
370 992
519 614
992 589
614 307
307 589
307 501
307 956
589 501
939 574
939 448
939 380
939 449
939 349
939 456
574 980
574 448
574 349
380 871
380 824
380 456
380 448
449 456
449 349
674 225
674 662
674 530
674 629
176 871
176 530
176 175
309 577
309 220
309 240
309 348
577 220
577 240
220 348
240 348
673 294
673 970
673 283
673 367
673 248
673 757
294 757
294 970
970 283
283 367
367 248
248 757
287 677
287 236
287 839
287 894
287 562
287 860
236 860
236 677
894 562
894 692
894 839
562 860
677 752
677 839
677 675
752 706
752 675
706 962
706 675
994 653
994 944
994 88
653 410
653 88
410 139
410 681
410 88
685 944
685 59
685 3
685 43
685 681
685 88
944 59
944 88
59 835
59 260
59 43
3 681
3 43
43 260
681 88
154 874
154 352
154 120
154 719
874 716
874 719
835 83
835 888
835 260
835 649
260 452
260 649
120 352
120 719
120 783
352 452
352 783
719 716
719 783
83 413
83 888
83 881
83 428
413 98
413 428
881 284
881 660
881 888
881 428
881 576
660 284
660 232
660 576
152 214
152 98
152 401
98 428
98 401
576 698
576 232
576 428
576 401
428 401
355 877
355 813
355 698
355 45
355 214
355 401
877 813
877 716
877 232
877 698
813 785
813 716
813 45
698 232
698 401
45 214
45 72
45 785
214 401
134 604
134 393
134 350
393 892
393 350
892 849
892 350
216 139
216 618
216 849
216 661
216 604
216 350
139 618
139 849
618 661
849 350
661 604
661 535
661 314
604 535
604 350
373 212
373 447
373 118
447 330
447 945
447 118
945 330
945 296
945 129
945 118
212 314
212 118
212 25
118 129
118 25
111 379
111 792
111 163
379 773
379 163
159 145
159 277
159 249
145 607
145 249
607 255
607 249
360 561
360 859
360 277
360 917
360 249
360 255
360 132
277 315
277 561
277 249
249 255
255 132
132 773
132 917
876 561
876 402
876 578
876 315
876 634
876 371
561 315
561 153
561 859
561 402
315 634
634 371
371 578
10 445
10 550
10 510
445 896
445 510
578 855
578 402
578 42
855 56
855 42
56 327
56 42
392 153
392 554
392 510
392 550
392 402
392 42
392 327
510 896
510 554
510 550
550 327
402 153
402 42
42 327
114 599
114 425
114 699
114 606
114 895
114 669
599 321
599 509
599 895
599 425
425 669
699 895
699 606
606 669
895 321
123 374
123 233
123 678
123 914
123 244
123 767
244 374
244 509
244 767
334 708
334 533
334 374
334 791
334 654
334 233
708 533
708 374
533 791
374 233
791 654
654 233
233 678
321 200
321 509
321 57
509 767
509 57
200 303
200 590
200 57
613 102
613 177
613 747
102 827
102 720
102 522
102 747
177 436
177 747
177 703
177 632
436 678
436 632
678 914
678 632
796 377
796 738
796 140
796 658
796 91
796 733
140 658
140 738
658 91
91 733
733 377
377 318
377 738
377 512
318 707
318 512
738 781
738 512
593 580
593 44
593 71
593 387
593 481
593 529
580 306
580 324
580 44
580 481
71 387
71 481
387 529
253 113
253 822
253 559
253 437
253 324
253 306
113 822
113 306
822 559
822 412
559 437
306 324
857 512
857 781
857 707
857 412
857 777
857 333
512 707
512 781
781 412
707 333
412 777
777 333
657 642
657 977
657 386
642 960
642 386
138 960
138 278
138 435
138 956
138 122
138 501
960 122
960 386
960 278
956 122
956 501
501 435
922 737
922 726
922 291
435 737
435 278
435 291
737 291
935 842
935 463
935 259
935 760
935 330
935 296
935 601
842 760
842 463
463 330
259 601
259 760
330 296
296 601
359 810
359 60
359 52
359 89
359 1
359 717
810 717
810 60
60 89
52 89
52 1
1 717
108 147
108 433
108 223
433 527
433 223
225 391
225 662
225 594
225 745
594 662
594 714
594 745
325 274
325 147
325 250
325 768
325 745
325 714
147 250
147 223
147 274
250 768
768 714
745 391
745 274
745 714
968 582
968 764
968 168
968 743
968 496
968 500
582 764
582 496
764 168
168 743
743 500
496 500
376 540
376 862
376 697
130 758
130 540
130 697
540 697
758 18
758 697
758 461
697 862
697 461
862 938
862 461
529 938
529 44
529 411
938 461
938 411
461 18
461 411
222 437
222 324
222 878
222 44
222 411
222 18
437 878
437 324
324 44
878 18
44 411
411 18
916 6
916 785
916 566
916 72
6 785
6 566
785 716
785 72
566 72
662 35
662 629
662 30
35 980
35 30
115 692
115 839
115 675
115 419
115 124
115 962
692 839
692 419
839 675
675 962
419 124
124 962
452 649
452 783
452 416
783 716
783 416
716 232
716 416
232 284
232 416
314 535
314 25
314 541
535 830
535 541
473 830
473 587
473 25
473 129
473 541
473 524
830 587
830 541
587 524
25 129
25 541
129 524
859 153
859 917
859 868
153 554
153 868
773 163
773 917
773 852
917 868
917 852
171 767
171 914
171 57
171 632
171 703
171 590
767 914
767 57
914 632
57 590
632 703
238 747
238 522
238 257
238 703
238 590
238 303
747 703
747 522
522 586
522 257
522 720
257 303
257 586
703 590
590 303
386 977
386 278
386 267
291 726
291 278
291 267
278 267
383 87
383 527
383 223
383 779
383 391
383 274
87 779
87 527
527 223
223 274
779 391
391 274
980 448
980 30
980 187
448 824
448 187
871 824
871 175
871 486
871 187
824 187
718 629
718 530
718 30
718 187
718 486
718 175
629 530
629 30
530 175
30 187
187 486
486 175
850 649
850 888
850 416
850 284
649 888
649 416
888 284
416 284
896 827
896 554
896 295
554 868
554 295
868 852
868 295
765 163
765 792
765 852
765 586
765 720
765 827
765 295
163 792
163 852
792 586
852 295
586 720
720 827
827 295
276 726
276 965
276 267
276 977
276 156
726 965
726 267
965 156
267 977
977 156
