2992 0
81 707
81 673
81 607
81 967
994 403
994 59
994 549
994 764
994 23
556 869
556 883
556 389
556 349
556 218
556 191
776 388
776 577
776 467
776 429
776 975
776 500
65 172
65 801
65 968
65 298
65 467
65 500
467 388
467 18
467 172
467 500
500 975
500 61
500 298
42 326
42 499
42 476
42 839
42 8
326 499
326 167
326 967
326 33
326 476
326 641
326 413
641 33
641 130
641 413
319 141
319 583
319 143
319 482
319 8
319 499
499 8
499 413
499 141
354 191
354 869
354 622
354 738
354 179
354 367
191 218
191 869
191 370
191 179
869 883
869 420
869 622
622 420
622 530
622 364
622 738
179 367
179 942
179 112
179 370
367 942
367 738
367 463
367 106
987 558
987 97
987 654
987 107
987 688
139 973
139 272
139 167
139 128
139 554
571 279
571 350
571 707
571 603
571 944
571 963
738 463
738 364
738 170
463 106
463 631
463 858
463 170
142 800
142 135
142 847
142 259
142 535
142 110
675 882
675 986
675 251
675 327
675 961
675 460
986 882
986 961
986 717
986 849
986 993
373 717
373 849
373 889
373 800
373 135
373 217
717 961
717 849
717 78
717 217
849 889
849 260
849 993
800 135
800 889
800 692
800 110
135 813
135 847
135 217
217 813
217 704
217 78
260 889
260 993
260 957
260 211
260 868
889 692
889 868
691 570
691 536
691 736
691 433
691 868
691 211
868 433
868 692
868 211
901 910
901 695
901 647
901 503
901 529
901 29
647 910
647 529
647 173
647 872
647 82
904 157
904 197
904 570
904 536
904 947
904 890
549 59
549 435
549 159
549 23
549 959
59 927
59 403
59 586
59 503
59 114
59 959
59 791
959 159
959 791
992 503
992 852
992 587
992 447
388 577
388 18
388 411
388 56
583 143
583 895
583 141
583 769
583 543
769 295
769 933
769 895
769 94
769 543
813 704
813 789
813 847
813 509
384 96
384 547
384 114
384 695
547 96
547 581
547 114
547 284
547 396
547 397
318 753
318 316
318 230
318 484
456 682
456 733
456 865
456 320
456 642
456 669
804 960
804 828
804 320
804 865
956 121
956 737
956 117
956 949
956 190
956 576
737 121
737 382
737 448
737 117
737 533
23 764
23 435
23 870
23 555
638 358
638 850
638 229
638 102
638 709
638 256
256 102
256 892
256 964
256 850
256 551
972 448
972 117
972 690
972 794
972 858
972 689
448 400
448 689
448 117
448 533
117 690
117 949
858 631
858 689
858 170
858 794
272 973
272 167
272 637
1 8
1 482
1 610
1 476
1 839
1 637
1 167
8 839
8 482
476 839
476 167
895 143
895 94
895 428
895 198
364 292
364 530
364 170
364 337
794 170
794 690
794 434
794 337
170 337
337 292
337 434
337 644
689 631
689 400
689 293
942 106
942 24
942 112
942 507
389 883
389 349
389 55
389 71
389 0
71 572
71 404
71 55
71 0
572 404
572 342
572 683
572 261
572 0
550 848
550 823
550 406
550 273
848 393
848 242
848 823
848 273
223 946
223 841
223 375
223 613
688 107
688 558
688 253
688 30
97 558
97 654
97 926
97 450
355 596
355 146
355 334
355 879
355 891
355 206
338 712
338 473
338 329
338 214
338 887
338 824
824 853
824 214
824 712
824 271
824 953
167 676
167 967
167 128
167 505
167 991
167 21
167 637
167 783
749 301
749 440
749 700
749 202
749 6
749 183
700 202
700 609
700 204
700 164
700 183
603 350
603 944
603 662
360 963
360 696
360 183
360 440
360 907
360 539
963 302
963 474
963 724
963 944
963 696
963 627
963 907
963 707
963 967
963 927
183 440
183 539
183 164
440 301
440 907
696 724
696 539
696 291
331 968
331 557
331 705
331 298
331 64
331 190
331 121
968 35
968 557
968 801
968 298
705 121
705 382
705 594
705 557
298 61
298 64
64 990
64 61
64 190
190 990
190 576
190 121
121 382
906 37
906 452
906 934
906 95
906 210
429 16
429 577
429 975
429 934
429 210
168 32
168 905
168 434
168 795
168 949
168 690
434 690
434 644
434 32
949 690
949 576
949 795
796 78
796 961
796 772
796 251
796 200
796 108
78 704
78 772
78 961
961 251
108 200
108 580
108 524
108 771
108 772
955 784
955 283
955 259
955 162
955 789
955 847
259 535
259 235
259 847
259 784
789 847
789 162
789 17
789 509
692 110
692 433
692 345
110 535
110 648
110 345
224 570
224 157
224 432
224 211
224 818
224 957
570 157
570 536
570 211
157 197
157 199
157 432
432 199
432 939
432 977
432 818
211 957
245 818
245 518
245 957
245 754
245 993
245 882
818 977
818 518
818 957
518 977
518 381
518 131
518 754
957 993
993 882
882 460
882 754
977 939
977 381
977 181
939 199
939 452
939 95
939 181
95 452
95 210
95 528
95 181
910 695
910 173
910 98
768 96
768 695
768 98
768 173
768 950
768 494
96 581
96 494
96 695
695 503
695 114
695 98
98 173
173 872
173 950
852 503
852 587
852 890
852 947
852 650
598 29
598 34
598 778
598 584
778 34
778 58
778 496
778 289
778 584
34 29
34 529
34 58
34 976
529 29
529 82
529 976
976 58
976 417
976 82
976 661
503 586
503 114
503 29
503 777
503 447
503 650
503 808
934 16
934 37
934 210
934 836
512 458
512 411
512 56
512 621
512 409
512 306
92 791
92 15
92 409
92 621
92 159
791 586
791 15
791 47
791 159
791 920
15 47
15 409
621 458
621 275
621 159
621 409
159 435
159 275
890 197
890 947
890 587
890 643
141 413
141 543
141 83
413 130
413 83
295 933
295 543
295 277
295 225
295 514
543 83
543 514
83 656
83 130
83 514
718 376
718 660
718 383
718 674
718 2
718 357
674 12
674 2
674 383
674 726
674 681
971 4
971 938
971 196
971 430
971 3
971 817
12 2
12 66
12 681
12 508
12 845
678 671
678 639
678 951
678 660
678 247
678 357
685 445
685 471
685 615
685 578
685 811
685 590
445 807
445 491
445 471
445 457
445 615
279 665
279 707
279 350
279 80
279 588
279 470
772 704
772 771
772 593
704 509
704 593
730 401
730 160
730 679
730 509
730 17
730 593
509 17
509 593
593 771
593 679
401 395
401 160
401 178
401 17
401 175
17 162
17 175
162 283
162 763
162 175
607 673
607 967
607 779
607 72
663 38
663 396
663 284
663 753
663 484
663 114
284 114
284 396
753 316
753 38
753 484
114 927
114 484
396 397
396 38
396 147
7 308
7 742
7 313
7 898
7 77
7 176
313 118
313 11
313 308
313 176
313 767
176 77
176 207
176 31
176 767
230 316
230 774
230 815
230 484
230 687
484 927
484 919
484 687
927 967
927 359
927 828
927 616
927 627
927 919
927 475
927 250
616 828
616 574
616 573
616 250
616 148
616 523
57 101
57 693
57 562
57 918
57 178
57 175
693 913
693 562
693 101
693 228
693 605
175 763
175 178
175 918
178 395
178 101
178 657
873 228
873 945
873 101
873 735
873 657
873 658
101 228
101 657
301 907
301 6
301 917
207 682
207 77
207 733
207 31
207 155
565 573
565 574
565 828
565 865
565 155
565 733
573 574
573 523
573 441
573 155
574 828
828 359
828 960
828 865
865 733
865 320
155 441
155 31
155 733
733 682
400 533
400 293
400 545
400 761
435 275
435 555
435 266
275 458
275 226
275 266
458 411
458 226
458 935
411 18
411 56
411 935
265 40
265 90
265 964
265 892
265 346
892 964
892 893
892 102
892 356
892 346
102 229
102 893
102 387
893 356
893 187
893 387
187 943
187 133
187 374
187 356
187 314
187 387
343 415
343 41
343 797
343 995
343 597
343 74
368 144
368 304
368 821
368 300
368 154
368 506
304 439
304 506
304 752
304 923
304 144
821 144
821 723
821 300
821 881
821 76
300 568
300 154
300 881
300 996
506 860
506 154
506 290
506 439
896 887
896 473
896 41
896 9
896 74
896 728
261 683
261 611
261 0
261 125
261 379
379 125
379 559
379 611
379 798
379 124
169 614
169 775
169 479
169 664
169 481
169 623
33 380
33 967
33 130
33 485
130 656
130 485
485 380
485 105
485 656
485 645
143 482
143 198
143 602
482 610
482 602
341 677
341 520
341 134
341 285
341 404
404 342
404 285
404 55
404 134
677 524
677 520
677 580
677 134
677 701
580 200
580 52
580 524
580 701
251 327
251 200
251 633
200 52
200 633
530 292
530 420
530 985
530 237
52 701
52 985
52 633
52 237
631 106
631 293
631 820
106 24
106 820
41 9
41 415
41 74
41 26
415 829
415 129
415 597
415 26
305 348
305 9
305 26
305 212
305 195
305 862
9 728
9 348
9 26
26 212
26 829
743 212
743 829
743 309
743 370
743 218
743 999
212 999
212 195
212 829
829 309
829 129
370 112
370 309
370 218
218 349
218 999
597 886
597 995
597 129
597 750
330 997
330 579
330 766
330 639
330 425
579 997
579 285
579 425
579 477
579 713
342 683
342 285
342 713
285 997
285 520
285 713
611 683
611 79
611 798
611 871
683 713
683 871
713 477
713 871
671 639
671 660
671 425
671 166
660 376
660 357
660 166
425 477
425 639
425 166
84 0
84 125
84 862
84 195
84 349
84 999
0 125
0 349
125 862
125 559
862 348
862 516
862 559
862 195
195 999
349 999
385 43
385 255
385 694
385 806
385 455
385 832
823 393
823 676
823 406
823 113
823 911
115 521
115 422
115 983
115 365
115 234
115 68
68 365
68 589
68 521
68 374
68 133
68 595
133 943
133 374
133 595
842 288
842 719
842 757
842 797
842 995
842 814
995 797
995 886
995 814
886 10
886 174
886 750
886 814
85 30
85 253
85 393
85 242
85 806
85 455
253 558
253 393
253 30
393 558
393 676
393 242
242 273
242 455
926 654
926 450
926 138
926 312
926 431
450 558
450 431
809 363
809 351
809 548
809 234
809 810
809 422
422 924
422 521
422 810
422 234
654 107
654 138
654 922
138 312
138 835
138 922
138 668
613 375
613 841
613 965
613 969
969 294
969 375
969 965
969 773
969 981
773 838
773 617
773 339
773 965
773 981
43 363
43 255
43 351
43 336
43 694
43 822
351 363
351 548
351 822
336 405
336 694
336 928
336 914
336 822
748 566
748 493
748 54
748 853
748 953
748 332
146 596
146 334
146 54
146 493
146 649
879 334
879 104
879 206
879 553
879 216
427 54
427 853
427 214
427 596
427 775
427 614
54 853
54 493
54 596
853 214
853 953
214 614
214 329
596 891
596 775
775 614
775 891
775 479
614 329
614 623
783 402
783 264
783 21
783 676
783 841
783 636
953 271
953 332
953 324
271 712
271 215
271 526
271 324
269 421
269 264
269 946
269 841
269 402
264 402
264 421
264 989
264 636
402 841
421 989
421 426
421 946
421 948
426 591
426 149
426 567
426 989
426 948
486 430
486 563
486 561
486 851
486 845
486 3
430 938
430 3
430 655
430 563
845 508
845 66
845 851
845 3
3 817
3 66
350 662
350 80
350 14
80 588
80 14
14 588
14 391
14 662
14 459
254 724
254 474
254 291
254 302
254 711
254 590
724 474
724 291
474 302
302 944
302 811
302 590
590 811
590 711
590 578
539 164
539 291
539 624
164 204
164 792
164 624
291 711
291 624
978 210
978 975
978 528
978 442
978 61
210 528
210 975
975 61
61 990
61 442
27 131
27 905
27 754
27 32
27 460
27 843
131 788
131 381
131 754
131 905
905 795
905 788
905 32
754 460
32 644
32 843
460 327
460 843
795 788
795 576
795 640
990 576
990 442
990 640
576 640
562 913
562 436
562 918
562 880
918 763
918 151
918 880
228 605
228 945
228 449
4 938
4 515
4 196
4 449
4 281
449 196
449 605
449 945
449 281
802 736
802 433
802 345
802 417
802 496
802 58
433 736
433 345
345 648
345 417
417 648
417 58
417 661
58 496
894 181
894 381
894 640
894 442
894 528
894 788
181 528
181 381
381 788
640 788
640 442
442 528
244 650
244 947
244 289
244 496
244 536
244 736
947 536
947 650
496 289
496 736
536 736
600 29
600 777
600 584
600 289
600 650
29 777
29 584
777 650
584 289
289 650
648 535
648 661
648 653
535 235
535 653
235 784
235 462
235 109
235 653
912 82
912 872
912 661
912 502
912 109
912 653
82 872
82 661
872 502
872 950
661 653
653 109
836 487
836 16
836 37
836 954
836 634
836 532
808 586
808 447
808 89
808 634
808 532
16 577
16 487
16 263
577 56
577 263
56 306
56 263
634 586
634 487
634 532
634 60
487 263
487 60
586 920
586 60
201 643
201 197
201 199
201 452
201 954
201 37
197 199
197 643
199 452
452 37
37 954
532 954
532 89
532 827
89 447
89 546
89 827
213 378
213 219
213 311
213 715
213 416
213 91
854 220
854 378
854 575
854 723
854 76
854 299
854 903
378 219
378 220
378 416
378 903
933 94
933 277
933 93
933 531
94 464
94 428
94 531
464 428
464 651
464 353
464 150
464 531
479 664
479 782
479 891
479 123
891 206
891 123
357 2
357 247
357 979
2 66
2 979
66 817
66 979
144 723
144 923
144 171
723 575
723 76
723 171
220 219
220 575
220 408
665 707
665 470
665 510
707 673
707 967
707 510
588 470
588 391
588 392
219 311
219 408
219 729
219 140
395 160
395 657
395 344
657 658
657 344
997 520
997 766
997 310
49 915
49 488
49 489
49 534
49 72
49 779
49 20
915 488
915 967
915 779
488 967
488 20
489 53
489 62
489 28
489 72
489 321
489 534
534 20
534 116
534 321
72 779
72 673
72 53
779 967
760 878
760 296
760 880
760 436
760 830
436 913
436 419
436 830
436 880
830 127
830 419
830 877
830 878
127 419
127 966
127 831
127 877
127 268
831 163
831 240
831 371
831 966
831 268
371 669
371 642
371 163
371 153
371 268
763 283
763 151
763 504
38 316
38 147
38 366
397 581
397 86
397 147
397 785
147 366
147 118
147 785
118 11
118 767
118 366
118 785
118 731
366 316
366 731
316 774
316 731
475 919
475 250
475 193
919 687
919 193
687 815
687 193
940 655
940 703
940 202
940 609
940 563
940 982
202 609
202 6
202 982
609 204
609 561
609 563
563 561
563 655
632 515
632 799
632 655
632 703
632 938
632 50
655 938
655 703
703 982
703 443
703 50
938 515
50 974
50 799
50 443
50 472
627 359
627 907
627 628
627 599
642 669
642 320
642 153
642 340
320 960
320 340
960 359
960 727
960 340
628 359
628 599
628 472
628 454
974 799
974 240
974 163
974 472
974 525
163 240
163 153
163 525
472 443
472 599
472 454
472 525
227 761
227 533
227 686
227 382
227 180
761 533
761 545
761 180
761 745
533 382
686 594
686 382
686 177
686 407
686 180
382 594
226 266
226 786
226 935
226 362
87 569
87 172
87 629
87 18
87 935
87 362
172 18
172 801
172 569
18 935
935 362
870 764
870 555
870 552
764 403
764 552
266 786
266 555
266 540
555 552
555 540
552 560
552 403
552 540
801 35
801 569
801 780
73 390
73 325
73 161
73 335
73 180
73 745
73 407
390 325
390 182
390 451
390 335
180 407
180 745
745 51
745 545
745 161
592 161
592 51
592 358
592 850
592 372
592 672
161 51
161 372
161 325
358 850
358 709
358 192
358 672
850 551
850 372
192 709
192 672
192 347
192 248
192 716
24 507
24 248
24 820
24 716
709 229
709 347
709 909
347 248
347 909
347 174
347 461
174 10
174 750
174 909
174 461
248 507
248 716
248 461
399 924
399 835
399 864
399 314
399 374
399 521
924 521
924 810
924 668
924 835
835 312
835 864
835 668
374 314
374 521
964 90
964 551
964 501
964 762
407 177
407 335
407 670
998 797
998 719
998 74
998 215
998 712
998 473
797 719
797 74
719 288
719 412
719 215
74 473
215 712
215 526
215 412
712 473
473 887
348 516
348 728
348 840
790 887
790 329
790 728
790 840
790 423
790 623
887 329
887 728
329 623
728 840
623 481
623 423
798 79
798 860
798 124
798 902
154 860
154 568
154 902
860 290
860 79
860 902
559 516
559 124
559 698
744 498
744 369
744 321
744 116
744 20
321 116
321 28
321 369
321 601
116 20
20 967
20 498
967 676
967 380
967 498
967 988
625 514
625 656
625 645
625 225
625 203
625 145
514 225
514 656
656 645
645 105
645 145
645 620
145 203
145 900
145 781
145 620
747 701
747 134
747 55
747 883
747 985
747 420
701 134
701 985
134 55
55 883
883 420
985 420
985 237
861 644
861 292
861 237
861 843
861 633
861 327
644 843
644 292
292 237
237 633
843 327
633 327
490 507
490 112
490 750
490 129
490 461
490 309
507 112
507 461
112 309
750 129
750 461
129 309
871 79
871 477
871 619
477 166
477 619
79 290
79 619
273 406
273 455
273 274
455 806
455 832
455 274
398 838
398 339
398 152
398 274
398 406
398 113
406 113
406 274
911 676
911 113
911 537
113 152
113 537
857 838
857 617
857 152
857 537
857 676
857 841
857 965
838 617
838 339
838 152
617 965
152 537
537 676
676 403
676 558
676 841
676 465
841 946
841 965
983 365
983 232
983 234
983 541
234 548
234 541
567 149
567 495
567 303
567 948
567 941
149 591
149 720
149 519
149 941
324 332
324 282
324 526
324 652
526 412
526 39
526 652
814 757
814 10
814 480
595 757
595 589
595 943
595 480
757 288
757 589
757 480
668 810
668 922
668 286
363 255
363 810
363 286
810 286
120 981
120 405
120 339
120 694
120 832
120 274
981 294
981 405
981 339
405 694
405 294
405 928
339 274
694 832
832 274
46 822
46 914
46 548
46 495
46 517
46 541
822 914
822 548
914 495
914 303
914 928
548 541
495 303
495 941
495 517
541 232
541 921
541 517
334 104
334 649
334 819
649 493
649 819
649 706
649 732
493 566
493 732
128 505
128 554
128 437
602 198
602 610
602 478
602 209
104 216
104 819
104 725
104 803
554 973
554 437
554 725
554 803
787 412
787 288
787 365
787 589
787 232
787 39
412 288
412 39
288 589
365 232
365 589
232 921
232 39
39 921
39 652
241 519
241 720
241 332
241 566
241 282
241 756
332 566
332 282
566 732
566 756
88 991
88 21
88 897
88 258
21 991
21 636
21 258
846 948
846 946
846 375
846 294
846 928
846 303
948 946
948 303
946 375
375 294
294 928
928 303
513 711
513 578
513 792
513 13
513 624
513 646
711 578
711 624
578 615
578 646
624 792
929 561
929 204
929 792
929 13
929 851
929 165
561 204
561 851
204 792
792 13
13 165
13 708
13 646
851 165
851 508
807 491
807 471
807 746
807 418
807 980
491 457
491 276
491 812
491 980
418 746
418 932
418 980
418 837
418 119
970 459
970 662
970 944
970 811
970 471
970 746
459 932
459 391
459 746
459 662
662 944
944 811
811 471
471 746
746 932
515 281
515 799
515 189
799 240
799 189
240 966
240 189
866 281
866 605
866 913
866 419
866 189
866 966
281 605
281 189
605 913
913 419
419 966
189 966
722 263
722 306
722 60
722 409
722 47
722 920
263 306
263 60
306 409
60 920
409 47
47 920
740 643
740 587
740 447
740 954
740 827
740 546
643 587
643 954
587 447
447 546
954 827
827 546
386 91
386 277
386 225
386 612
386 715
386 203
91 715
91 416
91 93
91 277
277 93
277 225
225 203
203 900
203 612
278 531
278 93
278 416
278 903
278 299
278 651
531 93
531 651
93 416
416 903
903 299
553 206
553 216
553 209
553 478
553 626
206 123
206 626
615 457
615 646
615 208
646 708
646 208
708 165
708 208
708 156
708 714
165 508
165 714
508 681
508 714
681 726
681 714
681 511
714 156
714 511
453 817
453 196
453 979
453 945
453 247
453 735
817 196
817 979
196 945
979 247
945 735
247 951
247 735
735 951
735 658
322 923
322 752
322 111
322 726
322 383
322 262
923 752
923 111
923 793
923 171
752 439
752 262
726 383
726 511
726 111
383 376
383 262
171 793
171 575
171 833
575 408
575 833
511 111
511 156
511 238
111 793
111 238
673 53
673 510
673 630
53 62
53 630
510 470
510 630
510 444
470 392
470 444
932 391
932 119
932 697
391 392
391 697
311 715
311 140
311 103
311 885
715 612
715 885
612 900
612 184
612 885
28 62
28 601
28 75
233 45
233 542
233 900
233 184
233 781
233 492
900 184
900 781
759 344
759 766
759 951
759 639
759 658
951 639
951 658
639 766
658 344
524 520
524 771
524 916
520 310
520 916
771 679
771 916
765 344
765 766
765 310
765 160
765 916
765 679
344 160
344 766
766 310
310 916
160 679
916 679
758 268
758 877
758 898
758 77
758 682
758 669
268 877
268 669
877 878
877 898
898 878
898 742
898 77
77 682
682 669
151 880
151 504
151 937
880 296
880 937
784 283
784 462
784 710
283 504
283 710
950 502
950 494
950 770
930 502
930 109
930 70
930 680
930 770
930 462
502 109
502 770
109 462
462 710
462 680
249 767
249 31
249 731
249 441
249 774
249 63
767 31
767 731
31 441
731 774
441 523
441 63
774 815
774 63
962 63
962 815
962 193
962 523
962 250
962 148
63 815
63 523
815 193
193 250
523 148
250 148
544 917
544 6
544 982
544 907
544 599
544 443
917 907
917 6
6 982
982 443
907 599
599 443
359 727
359 454
359 874
527 340
527 153
527 525
527 454
527 874
527 727
340 153
340 727
153 525
525 454
454 874
874 727
569 629
569 780
569 468
185 716
185 820
185 293
185 545
185 672
185 51
716 672
716 820
820 293
293 545
545 51
672 51
984 387
984 229
984 909
984 10
984 943
984 480
387 229
387 943
229 909
909 10
10 480
943 480
431 741
431 558
431 312
431 317
312 864
312 317
221 346
221 356
221 424
221 314
221 864
221 317
346 40
346 356
346 424
356 314
314 864
864 317
317 424
317 741
558 741
558 465
558 100
721 618
721 182
721 762
721 325
721 551
721 372
762 501
762 618
762 551
325 182
325 372
551 372
182 451
182 908
182 618
182 659
335 451
335 670
335 323
651 353
651 299
651 158
353 150
353 816
353 48
353 158
48 816
48 446
48 280
48 136
48 158
297 76
297 881
297 136
297 158
297 299
76 881
76 299
881 996
881 136
136 996
136 280
136 158
158 299
840 516
840 423
840 826
516 698
516 826
902 124
902 568
902 44
124 698
124 44
380 105
380 988
380 414
105 620
105 414
105 936
414 988
414 936
606 166
606 376
606 619
606 262
606 439
606 290
166 376
166 619
376 262
619 290
262 439
439 290
684 921
684 517
684 941
684 519
684 282
684 652
921 517
921 652
517 941
941 519
519 720
519 282
282 652
564 286
564 922
564 30
564 806
564 255
564 107
286 922
286 255
922 107
30 107
30 806
806 255
732 756
732 706
732 438
505 991
505 437
505 361
991 897
991 361
437 725
437 361
437 608
725 819
725 803
725 608
819 706
819 608
466 209
466 216
466 803
466 610
466 973
466 637
209 478
209 216
209 610
216 803
803 973
610 637
973 637
756 720
756 438
756 25
720 591
720 25
636 989
636 258
636 22
989 591
989 22
591 25
591 22
194 980
194 837
194 103
194 140
194 812
194 729
980 812
980 837
140 103
140 729
834 119
834 307
834 885
834 103
834 837
834 492
834 184
119 837
119 697
119 307
885 103
885 184
103 837
492 307
492 585
492 542
492 184
123 782
123 626
123 483
816 150
816 446
816 782
816 483
782 664
782 446
782 483
958 150
958 428
958 626
958 478
958 483
958 198
150 428
150 483
428 198
626 478
626 483
478 198
208 156
208 457
208 931
156 238
156 931
457 276
457 931
408 729
408 833
408 734
729 812
729 734
812 276
812 734
630 62
630 444
630 844
62 75
62 844
542 585
542 75
542 45
542 844
75 45
75 601
75 844
270 444
270 392
270 697
270 844
270 585
270 307
444 392
444 844
392 697
697 307
844 585
585 307
770 494
770 70
770 604
581 494
581 86
581 604
494 604
604 70
604 86
604 582
742 878
742 308
742 205
878 296
878 205
504 937
504 710
504 899
710 680
710 899
594 177
594 557
594 188
35 557
35 780
35 859
35 188
557 188
188 177
188 859
188 751
177 670
177 751
670 323
670 328
670 751
751 859
751 328
751 952
328 323
328 867
328 231
328 952
859 780
859 952
859 352
780 468
780 352
90 40
90 501
90 863
90 19
908 618
908 659
908 137
908 36
137 659
137 855
137 755
137 36
137 315
875 315
875 99
875 659
875 867
875 323
875 451
659 451
659 315
323 451
323 867
867 231
867 99
867 122
423 481
423 826
423 236
826 698
826 236
698 44
698 236
620 781
620 936
620 805
45 601
45 781
45 805
781 805
394 988
394 498
394 936
394 369
394 805
394 601
988 498
988 936
498 369
936 805
369 601
805 601
361 897
361 608
361 702
608 706
608 702
706 438
706 702
333 258
333 897
333 22
333 702
333 438
333 25
258 897
258 22
897 702
22 25
702 438
438 25
257 734
257 833
257 793
257 238
257 276
257 931
734 833
734 276
833 793
793 238
238 931
276 931
287 582
287 739
287 785
287 11
287 86
287 308
785 86
785 11
11 308
86 582
308 205
308 739
70 680
70 582
70 246
680 899
680 246
582 739
582 246
362 786
362 629
362 925
540 560
540 786
540 252
786 925
786 252
925 629
925 252
925 186
925 522
629 468
629 522
952 231
952 352
952 635
825 19
825 40
825 239
825 424
825 741
825 100
40 424
40 19
239 100
239 465
239 19
424 741
741 100
100 465
666 876
666 863
666 501
666 126
666 36
666 618
501 618
501 863
36 755
36 618
36 126
69 315
69 855
69 755
69 99
69 888
69 410
315 855
315 99
855 755
755 410
755 465
755 126
99 122
99 888
888 410
888 667
888 122
667 410
667 122
667 243
122 231
122 243
231 635
231 243
481 664
481 236
481 132
446 664
446 280
446 132
664 132
699 996
699 280
699 132
699 236
699 568
699 44
996 568
996 280
280 132
132 236
236 44
568 44
267 246
267 739
267 205
267 899
267 937
267 296
246 739
246 899
739 205
205 296
899 937
937 296
560 403
560 252
560 856
252 186
252 856
186 522
186 856
186 469
186 884
469 856
469 222
469 884
403 465
403 410
403 856
403 497
856 222
856 497
352 468
352 635
352 5
468 522
468 5
522 884
522 5
538 126
538 465
538 876
538 863
538 19
126 465
126 876
465 410
465 19
876 863
863 19
243 410
243 635
243 377
410 497
410 377
67 5
67 884
67 222
67 635
67 377
67 497
5 635
5 884
884 222
222 497
635 377
377 497
