2903 0
764 183
764 395
764 542
764 122
688 831
688 543
688 76
688 763
321 656
321 846
321 519
321 632
519 173
519 584
519 656
519 632
519 83
183 395
183 542
183 19
183 914
914 542
914 19
914 603
914 436
495 861
495 484
495 605
495 364
861 595
861 734
861 364
581 122
581 395
581 279
581 842
581 349
395 842
395 122
842 731
842 923
842 349
122 542
122 279
122 720
923 349
923 731
923 904
731 312
731 904
312 499
312 525
312 904
565 554
565 72
565 886
565 510
565 65
565 336
845 335
845 497
845 932
845 73
444 932
444 831
444 953
444 763
932 73
932 953
831 763
763 76
763 371
763 768
763 953
656 846
656 173
656 363
310 760
310 584
310 481
310 376
310 378
584 760
584 59
584 173
584 83
584 378
83 59
83 632
83 242
19 603
19 598
618 195
618 0
618 328
618 901
0 195
0 858
0 266
454 92
454 515
454 892
454 407
111 935
111 781
111 891
111 262
70 228
70 215
70 26
70 306
70 606
70 968
578 774
578 735
578 330
578 512
512 330
512 594
512 998
574 735
574 276
574 345
735 774
735 345
629 276
629 980
629 916
629 275
276 345
276 980
916 980
916 396
916 556
916 275
275 560
275 556
560 556
560 714
560 888
605 364
605 332
605 484
605 268
605 915
268 332
268 807
268 479
268 915
268 201
238 18
238 420
238 305
238 819
238 66
479 807
479 358
479 907
479 201
479 950
358 689
358 320
358 907
358 129
358 950
669 476
669 567
669 524
669 898
669 209
669 919
919 567
919 209
919 433
919 114
919 518
261 942
261 579
261 517
261 482
261 727
261 706
525 499
525 904
525 930
525 11
525 526
499 930
499 674
526 930
526 11
526 343
526 635
983 243
983 655
983 552
983 729
983 483
983 206
404 467
404 34
404 523
404 996
404 260
404 667
523 722
523 34
523 996
523 765
523 461
255 462
255 550
255 665
255 614
255 535
255 592
592 665
592 535
592 260
592 467
592 757
461 722
461 750
461 415
461 765
461 36
801 103
801 890
801 67
801 33
801 394
801 972
611 599
611 737
611 947
611 788
611 450
611 829
833 446
833 575
833 644
833 403
833 877
833 766
722 750
722 302
722 34
722 135
335 882
335 497
335 539
707 63
707 516
707 699
707 827
707 989
707 30
30 593
30 516
30 333
30 142
30 699
30 944
351 486
351 671
351 417
486 181
486 652
486 417
333 840
333 142
333 758
333 699
333 568
552 243
552 729
552 547
552 682
552 870
768 371
768 953
768 874
768 533
768 427
953 73
953 427
73 497
73 237
73 427
497 882
497 237
497 839
509 263
509 303
509 841
181 339
181 528
181 652
181 696
528 120
528 339
528 696
98 361
98 671
98 151
98 113
361 464
361 755
361 151
361 417
361 671
671 113
671 417
419 600
419 959
419 817
419 501
817 736
817 634
817 501
703 378
703 520
703 173
703 363
703 4
703 455
378 376
378 520
378 173
520 793
520 794
520 455
520 376
173 363
363 4
4 455
4 866
455 866
455 859
455 793
632 846
632 242
632 229
846 973
846 13
846 229
13 973
13 229
670 436
670 542
670 720
670 541
670 406
670 311
436 542
436 603
436 837
436 541
542 720
720 279
720 869
720 311
890 103
890 406
890 33
890 541
890 202
541 406
541 837
541 202
490 598
490 603
490 901
490 297
490 328
490 837
598 328
598 603
603 837
328 901
837 202
837 297
858 566
858 266
858 389
266 195
266 274
266 650
266 389
580 460
580 141
580 881
580 269
580 443
580 540
394 33
394 972
394 460
394 540
394 803
540 730
540 269
540 460
540 803
56 966
56 596
56 658
354 139
354 805
354 892
354 966
354 515
892 139
892 704
892 515
892 407
966 596
966 805
966 515
657 407
657 647
657 92
657 389
657 566
92 566
92 407
389 566
389 650
389 647
950 807
950 129
950 434
950 87
186 962
186 692
186 233
186 582
962 115
962 150
962 582
300 986
300 240
300 815
300 775
878 986
878 240
878 99
878 606
878 228
878 627
536 262
536 968
536 606
536 935
536 815
536 240
262 891
262 968
262 935
968 306
968 891
968 606
606 240
606 228
935 815
815 240
240 986
309 498
309 713
309 125
309 586
309 473
309 563
498 713
498 997
498 125
498 123
498 410
550 324
550 988
550 462
550 614
550 570
999 132
999 823
999 357
999 329
999 830
999 116
357 54
357 751
357 329
357 897
357 823
330 774
330 191
330 998
330 81
774 191
774 345
774 929
462 665
462 570
462 291
462 814
781 115
781 891
781 397
115 150
115 397
891 306
891 981
891 397
778 178
778 359
778 590
778 157
778 559
778 127
577 786
577 958
577 996
577 765
577 559
577 127
786 298
786 110
786 609
786 958
786 127
996 559
996 667
996 765
765 36
765 958
559 667
559 157
559 127
127 609
127 359
129 126
129 434
129 689
129 825
913 590
913 46
913 178
913 258
913 405
913 91
258 46
258 342
258 909
258 776
258 405
320 689
320 907
320 316
320 305
320 35
305 819
305 18
305 316
305 35
161 114
161 337
161 57
161 791
161 518
161 709
289 433
289 601
289 114
289 153
289 818
289 337
433 601
433 537
433 114
433 209
601 367
601 537
601 439
601 153
114 337
114 518
153 818
153 331
153 39
153 439
337 818
337 939
337 709
794 793
794 376
794 694
794 532
376 481
376 402
376 532
818 939
818 331
818 718
939 61
939 80
939 709
939 718
366 88
366 678
366 449
366 718
366 331
366 253
718 331
718 80
718 88
331 39
331 253
367 537
367 439
367 392
367 285
367 934
439 740
439 39
439 934
942 579
942 727
942 251
942 623
942 75
869 279
869 311
869 547
869 682
869 610
279 349
279 610
682 547
682 870
682 221
682 610
76 543
76 371
76 925
76 90
930 674
930 635
930 346
674 937
674 346
9 206
9 483
9 992
9 160
9 315
9 621
206 655
206 483
206 636
206 992
483 729
483 6
483 315
992 631
992 746
992 160
992 636
470 898
470 209
470 239
470 537
470 392
470 661
209 898
209 537
537 392
898 524
898 239
898 287
239 661
239 287
239 94
535 614
535 757
535 340
535 633
340 994
340 545
340 943
340 757
340 633
435 336
435 65
435 677
435 988
435 614
435 633
336 65
336 886
336 100
336 988
65 677
65 180
65 510
677 180
677 29
677 545
677 633
988 324
988 100
988 614
614 633
633 545
784 724
784 110
784 298
784 241
784 985
241 17
241 382
241 298
241 985
241 896
958 298
958 36
958 896
298 110
298 896
36 415
36 896
36 109
896 382
896 109
79 192
79 302
79 757
79 467
79 943
79 34
757 943
757 467
467 34
467 260
943 994
943 245
943 192
34 302
368 406
368 103
368 155
368 311
368 547
368 243
406 103
406 311
103 67
103 155
311 547
547 243
243 655
243 155
293 250
293 119
293 67
293 155
293 655
293 636
67 155
67 972
67 119
155 655
655 636
636 631
636 250
264 460
264 141
264 972
264 821
264 119
264 369
460 141
460 972
972 119
119 369
119 250
808 631
808 250
808 369
808 599
808 338
808 737
631 746
631 250
631 338
250 369
369 599
369 821
599 450
599 821
599 737
338 697
338 737
338 719
338 746
737 947
737 697
415 750
415 213
415 875
415 109
415 85
788 947
788 12
788 829
788 213
788 85
452 838
452 867
452 31
452 826
452 468
452 936
637 226
637 386
637 446
637 575
637 838
637 936
539 882
539 197
539 664
944 341
944 142
944 593
944 322
944 388
422 179
422 313
422 571
422 782
422 322
422 388
247 428
247 508
247 299
247 185
247 917
322 341
322 782
322 388
322 979
446 575
446 877
446 386
446 445
877 766
877 442
877 613
877 445
917 185
917 428
917 104
917 608
917 521
428 721
428 863
428 508
428 521
302 135
302 192
302 163
899 766
899 442
899 465
899 782
899 179
899 773
766 442
766 403
766 797
766 465
442 613
442 979
442 782
782 179
782 979
179 217
179 313
179 773
6 729
6 315
6 58
6 856
6 212
729 870
729 212
856 733
856 880
856 227
856 58
856 212
641 733
641 880
641 143
641 824
641 301
641 995
733 880
733 995
733 227
995 343
995 227
995 635
995 301
880 143
880 222
880 58
880 587
222 465
222 773
222 143
222 587
465 773
465 797
465 587
403 644
403 797
403 426
746 160
746 719
746 265
719 697
719 456
719 478
719 265
142 840
142 341
142 562
979 613
979 341
979 472
341 562
341 472
562 693
562 840
562 472
427 533
427 237
427 377
237 839
237 51
237 377
882 839
882 664
882 284
299 508
299 711
299 159
299 908
299 185
299 500
989 827
989 63
989 282
989 622
989 27
908 159
908 500
908 384
908 101
159 464
159 755
159 711
159 101
736 634
736 130
736 356
356 663
356 130
356 187
634 130
634 501
634 430
634 835
600 668
600 959
600 3
793 859
793 694
793 144
242 59
242 945
242 229
242 555
945 59
945 47
945 86
945 555
945 690
59 760
59 690
650 164
650 274
650 647
650 549
407 704
407 647
407 511
647 549
647 511
141 443
141 821
141 978
821 450
821 978
881 269
881 412
881 640
881 443
881 1
109 875
109 382
109 246
901 195
901 297
901 687
195 274
195 687
33 202
33 803
33 504
202 297
202 504
297 687
297 504
189 964
189 52
189 658
189 44
658 596
658 52
658 44
807 332
807 87
807 475
332 364
332 645
332 475
645 364
645 475
645 761
645 271
364 734
364 271
734 595
734 271
595 564
595 662
595 271
271 761
271 662
271 128
564 52
564 662
564 604
52 964
52 604
582 150
582 176
582 233
582 538
998 594
998 81
998 140
594 949
594 140
81 191
81 84
81 848
81 140
228 215
228 627
228 961
215 26
215 723
215 380
215 961
848 84
848 148
848 140
848 244
727 482
727 251
727 795
727 617
556 396
556 714
556 23
556 393
769 969
769 116
769 410
769 132
769 850
769 373
410 123
410 969
410 373
410 997
373 200
373 850
373 997
373 64
583 857
583 69
583 64
583 795
583 251
583 200
795 89
795 69
795 251
795 617
251 75
251 200
200 850
200 64
200 75
887 54
887 751
887 570
887 20
887 291
570 54
570 324
570 291
291 249
291 20
291 814
308 897
308 54
308 324
308 270
308 317
308 100
897 894
897 823
897 54
897 270
54 751
54 324
324 100
270 894
270 25
270 933
270 317
317 886
317 933
317 100
100 886
190 232
190 909
190 342
190 20
190 329
190 751
909 527
909 639
909 776
909 342
909 232
342 46
342 249
342 20
20 249
20 751
329 751
329 830
329 232
232 639
232 830
232 770
133 205
133 199
133 728
133 380
133 905
133 893
723 380
723 26
723 955
723 102
723 893
380 728
380 961
380 893
586 125
586 473
586 41
586 952
586 429
125 123
125 948
125 429
123 969
123 948
123 646
156 929
156 345
156 204
156 980
156 137
345 980
345 929
980 396
980 204
249 46
249 814
249 14
46 590
46 14
590 178
590 157
590 14
32 448
32 957
32 205
32 591
32 102
32 893
205 199
205 806
205 448
205 893
102 591
102 879
102 955
102 893
493 811
493 957
493 405
493 448
493 8
493 776
405 811
405 91
405 776
448 806
448 8
448 957
776 527
776 8
879 591
879 955
879 920
879 725
879 420
879 218
420 18
420 66
420 607
420 725
420 218
18 316
18 852
18 218
218 920
218 852
218 802
91 178
91 40
91 811
91 28
585 591
585 957
585 920
585 811
585 28
585 802
591 920
591 957
957 811
920 802
811 28
28 802
28 911
28 40
802 170
802 911
802 852
789 397
789 981
789 607
789 150
789 176
789 66
397 150
397 981
150 176
176 538
176 66
66 607
66 819
66 538
281 825
281 689
281 170
281 316
281 852
825 759
825 170
825 798
825 126
825 689
689 316
170 759
170 911
170 852
316 852
359 178
359 609
359 112
359 514
178 40
178 514
798 759
798 126
798 716
798 487
798 165
938 609
938 110
938 112
938 724
938 487
938 165
609 110
609 112
110 724
724 985
724 506
724 487
487 716
487 772
487 506
487 165
915 484
915 201
915 854
915 234
484 234
234 854
234 522
201 907
201 854
201 738
907 35
907 738
348 68
348 61
348 709
348 7
348 553
348 57
68 816
68 61
68 78
68 96
68 7
61 80
61 709
61 816
709 57
57 791
57 902
57 553
402 481
402 78
402 816
402 532
402 965
816 80
816 78
816 965
80 88
80 965
532 694
532 965
532 977
965 88
965 977
88 678
88 977
425 745
425 285
425 392
425 408
425 661
425 381
392 285
392 661
408 745
408 502
408 296
408 401
408 381
661 94
661 381
285 934
285 745
285 844
745 438
745 502
745 844
886 554
886 933
886 409
158 292
158 706
158 25
158 933
158 409
158 579
25 623
25 579
25 894
25 933
933 409
579 706
579 623
518 791
518 567
518 960
567 476
567 960
567 619
799 75
799 623
799 894
799 823
799 850
799 132
75 623
75 850
623 894
894 823
823 132
850 132
132 116
987 610
987 221
987 11
987 904
987 349
610 221
610 349
904 349
904 11
925 371
925 49
925 660
925 90
925 903
371 874
371 903
635 301
635 343
635 346
635 280
626 946
626 836
626 638
626 196
626 248
626 97
381 401
381 94
381 753
94 287
94 753
94 946
94 698
946 836
946 638
946 753
946 698
287 524
287 10
287 698
5 921
5 510
5 849
5 72
5 10
5 524
510 180
510 72
510 921
524 476
524 849
524 10
180 29
180 921
180 463
325 468
325 456
325 876
325 971
325 697
325 947
468 456
468 867
468 31
468 876
456 697
456 478
456 867
697 947
947 12
947 971
362 197
362 339
362 120
362 664
362 931
362 146
197 339
197 664
339 120
664 284
664 931
931 282
931 146
931 284
516 63
516 503
516 593
516 385
377 533
377 51
377 134
377 385
533 874
533 134
533 860
906 388
906 571
906 860
906 134
906 385
906 593
388 593
388 571
571 313
571 860
134 385
134 860
385 503
385 593
385 51
608 104
608 967
608 370
608 521
608 350
654 967
654 198
654 370
654 743
654 975
654 762
743 573
743 198
743 167
743 220
743 762
386 226
386 695
386 445
386 272
826 31
826 295
826 715
826 936
826 529
226 695
226 936
226 685
226 529
936 838
936 529
352 741
352 441
352 236
352 272
352 695
352 868
695 685
695 272
695 868
254 521
254 863
254 827
254 350
254 568
254 699
521 863
521 350
863 721
863 622
863 827
827 699
827 622
699 568
192 245
192 163
192 900
31 295
31 876
31 188
295 715
295 230
295 900
295 188
900 245
900 163
900 230
900 188
529 715
529 685
529 928
715 230
715 928
715 304
400 212
400 870
400 221
400 343
400 227
400 11
212 870
212 227
870 221
221 11
343 227
343 11
301 824
301 280
301 701
752 824
752 143
752 773
752 217
752 588
752 38
824 143
824 701
824 38
143 773
773 217
217 313
217 588
50 426
50 797
50 587
50 58
50 315
50 621
797 587
797 426
587 58
58 315
315 621
478 867
478 265
478 437
575 644
575 838
575 437
838 867
838 437
867 437
779 284
779 282
779 63
779 503
779 51
779 839
284 282
284 839
282 63
282 146
282 27
63 503
503 51
51 839
303 956
303 841
303 922
956 211
956 940
956 922
39 740
39 253
39 334
253 643
253 449
253 334
417 464
417 652
417 223
652 696
652 24
652 223
464 755
464 711
464 223
508 711
508 721
508 530
711 223
711 530
223 24
223 530
530 24
530 721
530 576
721 622
721 576
622 27
622 576
853 696
853 120
853 24
853 146
853 576
853 27
696 120
696 24
120 146
24 576
146 27
576 27
841 263
841 105
841 732
841 210
841 922
841 290
151 755
151 113
151 383
151 910
755 101
755 910
501 430
501 959
501 809
959 3
959 809
959 602
106 847
106 712
106 777
106 95
777 712
777 804
777 95
777 951
777 756
95 951
95 927
866 859
866 548
859 548
859 144
859 318
927 951
927 548
927 318
548 318
694 144
694 977
694 326
678 474
678 449
678 977
678 326
977 326
873 690
873 440
873 96
873 760
873 481
873 78
690 47
690 760
690 440
440 47
440 259
440 96
440 991
96 78
96 7
96 259
760 481
481 78
214 730
214 164
214 549
214 269
214 412
214 413
549 164
549 511
549 413
269 412
269 730
450 829
450 978
450 673
443 978
443 1
443 219
978 673
978 219
491 246
491 875
491 136
491 213
491 829
491 673
246 796
246 136
246 382
246 875
875 213
213 829
213 85
829 673
673 219
673 136
924 504
924 803
924 730
924 164
924 274
924 687
504 803
504 687
803 730
730 164
164 274
274 687
475 87
475 761
475 651
761 128
761 739
761 651
604 662
604 964
604 21
128 739
128 628
128 662
128 21
662 21
235 140
235 949
235 775
235 986
235 99
140 949
140 244
140 99
949 775
775 986
986 99
99 627
99 244
244 627
244 148
244 485
627 961
627 485
961 728
961 485
624 725
624 607
624 955
624 981
624 306
624 26
725 607
725 955
607 981
955 26
981 306
306 26
22 473
22 41
22 393
22 396
22 625
22 204
473 41
473 563
473 625
41 204
41 137
41 952
396 204
396 393
204 137
855 883
855 558
855 602
855 3
855 714
855 668
855 888
602 15
602 558
602 809
602 3
3 668
714 888
714 23
714 883
668 888
23 393
23 883
23 194
393 625
393 194
69 424
69 89
69 857
69 71
477 830
477 116
477 770
477 620
477 969
477 646
830 116
830 770
116 969
770 639
770 748
770 620
969 646
152 748
152 639
152 107
152 527
152 806
152 8
639 527
639 748
527 8
806 199
806 107
806 8
137 952
137 929
137 747
929 191
929 747
191 84
191 747
84 148
84 43
84 747
952 429
952 747
952 184
747 43
747 184
314 14
314 157
314 814
314 260
314 667
314 665
14 814
14 157
157 667
814 665
260 667
260 665
865 514
865 112
865 165
865 40
865 911
865 759
514 112
514 40
112 165
165 759
40 911
911 759
854 522
854 738
854 121
522 692
522 121
692 233
692 121
683 738
683 35
683 819
683 538
683 233
683 121
738 35
738 121
35 819
819 538
538 233
233 121
449 474
449 643
449 653
804 712
804 756
804 884
804 800
804 534
791 902
791 960
791 642
849 476
849 72
849 175
72 554
72 175
476 619
476 175
60 588
60 313
60 903
60 860
60 874
588 313
588 49
588 38
588 903
313 860
903 49
903 874
860 874
660 49
660 90
660 790
660 108
701 38
701 280
701 616
701 108
38 49
38 108
49 108
108 790
108 616
108 390
294 90
294 543
294 790
294 457
90 543
90 790
543 457
790 390
790 457
457 597
457 390
77 97
77 638
77 220
77 167
77 401
77 753
97 638
97 248
97 220
97 862
97 355
638 753
220 167
220 862
220 762
167 401
167 296
167 573
401 296
401 753
391 921
391 10
391 698
391 836
391 551
391 463
921 10
921 463
10 698
698 836
836 196
836 551
12 85
12 971
12 327
750 135
750 85
750 327
85 327
350 370
350 568
350 744
370 967
370 975
370 744
568 758
568 744
319 272
319 445
319 613
319 472
319 693
319 441
272 445
272 441
445 613
613 472
472 693
693 441
693 2
693 840
441 741
441 2
248 196
248 355
248 754
248 451
196 551
196 374
196 451
193 971
193 876
193 188
193 327
193 135
193 163
971 876
971 327
876 188
188 163
327 135
135 163
423 928
423 963
423 451
423 868
423 685
423 754
928 685
928 304
928 963
963 304
963 705
963 374
963 451
451 754
451 374
868 236
868 754
868 685
754 236
754 355
463 29
463 551
463 431
551 374
551 431
374 705
374 431
245 994
245 230
245 145
230 304
230 145
304 705
304 145
787 437
787 644
787 265
787 426
787 621
787 160
437 265
437 644
644 426
265 160
426 621
621 160
101 384
101 910
101 286
910 383
910 976
910 286
384 500
384 546
384 286
384 55
384 672
672 546
672 55
672 344
672 375
672 182
502 438
502 296
502 277
502 53
296 573
296 53
967 104
967 198
967 834
954 166
954 546
954 500
954 185
954 834
954 104
546 500
546 182
546 166
500 185
185 104
104 834
257 278
257 458
257 208
257 447
922 940
922 105
922 675
105 732
105 154
105 675
375 168
375 344
375 182
375 717
375 780
844 934
844 438
844 649
844 162
934 740
934 162
653 474
653 884
653 643
653 800
653 466
800 884
800 534
800 432
800 466
740 334
740 162
740 45
307 383
307 113
307 290
307 263
383 113
383 290
383 976
290 263
290 210
290 976
809 430
809 15
809 918
15 666
15 558
15 353
15 918
326 144
326 474
326 710
474 884
474 710
884 756
884 710
555 86
555 229
555 267
555 691
229 973
229 691
267 86
267 387
267 630
267 365
267 691
686 219
686 136
686 1
686 681
686 411
686 796
219 1
219 136
136 796
1 640
1 681
716 772
716 126
716 82
772 506
772 982
772 416
772 82
126 434
126 82
139 704
139 805
139 494
139 74
174 411
174 796
174 615
174 17
174 382
174 372
411 681
411 785
411 615
411 796
796 382
17 382
17 985
17 372
469 739
469 628
469 895
469 256
469 941
469 767
739 628
739 651
739 767
453 148
453 480
453 485
453 421
453 905
453 728
148 43
148 480
148 485
485 728
728 905
482 517
482 617
482 676
482 742
399 700
399 589
399 918
399 430
399 835
399 117
918 430
918 353
918 117
430 835
993 700
993 835
993 187
993 130
993 365
993 630
700 118
700 589
700 630
700 835
835 130
130 187
630 118
630 387
630 365
617 89
617 676
617 812
89 424
89 507
89 812
507 424
507 726
507 812
507 147
507 749
589 726
589 117
589 118
589 749
118 387
118 749
118 93
749 726
749 147
749 93
625 563
625 194
625 851
883 558
883 194
883 203
558 666
558 203
194 851
194 203
997 713
997 64
997 177
64 857
64 177
857 71
857 828
857 177
646 948
646 620
646 974
199 107
199 905
199 822
905 421
905 822
429 948
429 184
429 48
948 974
948 48
398 534
398 712
398 208
398 458
398 847
712 847
712 534
458 847
458 208
288 534
288 208
288 447
288 810
288 172
288 432
534 432
534 208
208 447
902 553
902 659
902 642
902 171
742 912
742 659
742 676
742 517
742 171
706 517
706 292
706 513
517 171
517 513
171 642
171 659
171 513
175 554
175 619
175 684
409 554
409 292
409 684
554 684
648 597
648 937
648 390
648 616
648 346
648 280
597 937
597 390
937 346
390 616
616 280
346 280
169 355
169 236
169 862
169 741
169 418
169 762
355 236
355 862
236 741
862 762
741 2
741 418
762 975
762 418
771 975
771 418
771 744
771 2
771 758
771 840
975 418
975 744
418 2
744 758
2 840
758 840
216 994
216 545
216 145
216 29
216 431
216 705
994 545
994 145
545 29
145 705
29 431
431 705
864 286
864 976
864 55
864 210
864 732
864 344
286 55
286 976
976 210
55 344
210 732
732 344
732 379
732 154
344 379
344 168
182 166
182 717
182 832
970 834
970 166
970 832
970 53
970 573
970 198
834 198
834 166
166 832
832 53
832 277
832 717
53 277
53 573
573 198
447 278
447 810
447 492
211 278
211 940
211 492
278 492
432 466
432 172
432 679
283 466
283 643
283 334
283 679
283 813
283 45
466 643
466 679
643 334
334 45
679 224
679 813
679 172
124 710
124 144
124 318
124 951
124 756
710 144
710 756
144 318
318 951
951 756
561 691
561 365
561 187
561 663
561 973
691 365
691 973
365 187
187 663
663 973
628 895
628 21
628 680
21 964
21 680
805 596
805 494
805 871
941 416
941 982
941 256
941 767
941 569
494 74
494 871
494 702
494 885
412 640
412 413
412 820
612 651
612 87
612 767
612 434
612 82
612 416
651 87
651 767
87 434
767 416
434 82
82 416
416 982
676 912
676 812
676 459
812 147
812 459
553 659
553 7
553 544
7 259
7 544
659 912
659 544
147 93
147 459
147 252
666 353
666 203
666 531
666 138
203 851
203 138
414 531
414 71
414 353
414 424
414 726
414 117
531 353
531 71
531 828
531 138
71 424
71 828
353 117
424 726
726 117
708 748
708 620
708 974
708 107
708 822
708 557
748 620
748 107
620 974
974 48
974 557
107 822
822 421
822 557
323 48
323 557
323 421
323 480
323 184
323 43
48 557
48 184
557 421
421 480
480 43
184 43
225 619
225 960
225 684
225 292
225 513
225 642
619 960
619 684
960 642
684 292
292 513
513 642
572 889
572 649
572 780
572 438
572 717
572 277
780 717
780 168
780 37
780 889
438 277
438 649
717 277
347 45
347 162
347 649
347 889
347 489
347 813
45 162
45 813
162 649
649 889
889 37
889 489
813 224
813 489
154 379
154 675
154 792
154 496
168 379
168 37
168 496
379 496
675 940
675 792
675 149
492 810
492 940
492 149
940 149
810 172
810 149
810 62
172 224
172 62
149 792
149 62
843 871
843 207
843 680
843 44
843 596
843 964
871 702
871 207
871 596
680 207
680 895
680 964
44 964
44 596
982 506
982 569
982 131
506 985
506 131
985 372
985 131
640 681
640 820
640 16
681 785
681 16
413 511
413 820
413 488
511 704
511 488
704 74
704 488
926 885
926 471
926 16
926 820
926 488
926 74
16 820
16 471
16 785
820 488
488 74
74 885
42 459
42 912
42 544
42 259
42 991
42 252
459 912
459 252
912 544
544 259
259 991
783 93
783 387
783 252
783 991
783 47
783 86
93 387
93 252
387 86
252 991
991 47
47 86
984 851
984 563
984 138
984 713
984 177
984 828
851 563
851 138
563 713
138 828
713 177
177 828
872 496
872 792
872 62
872 224
872 37
872 489
496 792
496 37
792 62
62 224
224 489
37 489
785 615
785 471
785 505
990 273
990 569
990 615
990 372
990 505
990 131
569 256
569 131
569 273
615 372
615 505
372 131
505 471
505 273
505 231
471 885
471 231
885 702
885 231
360 256
360 895
360 273
360 207
360 231
360 702
256 895
256 273
895 207
273 231
207 702
231 702
