2907 0
396 85
396 530
396 699
396 681
85 976
85 619
85 681
847 416
847 670
847 710
847 451
847 748
847 46
50 562
50 133
50 717
50 730
50 516
50 356
219 702
219 246
219 764
219 455
721 64
721 392
721 28
721 34
721 257
34 593
34 643
34 28
34 257
699 530
699 681
699 17
699 13
994 498
994 710
994 451
710 498
710 416
710 451
717 133
717 730
717 902
133 902
133 228
483 864
483 884
483 933
483 292
884 864
884 318
884 718
933 810
933 120
933 292
292 58
292 36
292 864
292 810
25 684
25 101
25 405
25 890
684 405
684 616
684 678
616 519
616 407
616 678
419 675
419 346
419 523
419 898
419 327
772 117
772 675
772 765
772 155
772 327
675 346
675 327
305 986
305 771
305 129
305 328
35 358
35 620
35 855
35 412
35 631
35 633
328 771
328 688
328 129
328 633
986 771
986 129
986 441
986 492
986 580
129 633
129 580
633 2
633 620
633 631
633 688
633 580
659 358
659 6
659 660
659 326
659 635
659 620
635 2
635 620
635 326
635 425
620 358
620 2
546 631
546 688
546 412
546 702
631 412
631 688
412 855
412 455
412 702
702 455
455 764
455 855
455 342
764 246
764 342
764 279
764 208
246 91
246 208
91 856
91 733
91 208
4 13
4 434
4 681
4 354
4 513
4 619
13 681
13 939
13 434
13 17
681 619
513 160
513 619
513 817
513 382
513 354
619 976
619 160
856 733
856 15
101 282
101 948
101 890
105 64
105 392
105 673
105 191
105 622
105 426
257 392
257 593
257 20
257 102
257 825
392 64
392 426
392 825
671 217
671 609
671 593
671 20
671 435
671 247
671 136
217 136
217 643
217 609
609 593
609 643
593 643
593 20
20 953
20 435
20 102
136 903
136 592
136 247
530 17
530 991
302 991
302 769
302 122
302 576
17 939
17 602
17 991
17 576
991 576
939 602
939 434
939 227
939 236
18 562
18 802
18 193
18 956
18 329
734 276
734 395
734 73
734 497
193 780
193 329
193 334
334 780
334 329
334 376
334 610
356 516
356 562
356 807
39 632
39 274
39 3
39 554
39 409
39 40
655 107
655 126
655 551
655 649
655 982
655 284
451 748
451 498
451 347
451 751
297 551
297 649
297 179
297 777
297 820
551 649
551 982
551 179
551 567
982 740
982 126
982 262
982 567
407 519
407 945
407 459
940 387
940 501
940 714
940 810
940 58
940 120
714 1
714 120
714 501
810 58
810 120
120 1
233 774
233 416
233 661
233 670
774 416
774 661
774 128
774 175
416 670
670 46
670 703
670 661
326 425
326 701
326 660
326 930
304 278
304 848
304 432
304 111
892 438
892 915
892 624
892 222
892 410
892 853
735 804
735 869
735 754
735 417
735 110
735 899
386 938
386 72
386 212
386 646
386 920
386 182
661 703
661 128
661 885
259 484
259 295
259 521
259 808
259 317
5 859
5 408
5 716
5 178
5 153
5 522
443 916
443 98
443 606
443 583
443 957
443 819
606 916
606 906
606 819
606 146
606 947
755 489
755 287
755 904
755 40
755 409
755 225
489 195
489 252
489 30
489 691
489 287
489 904
287 691
287 794
287 40
40 409
40 794
40 3
904 252
904 964
904 225
904 65
481 237
481 720
481 964
481 823
481 315
481 65
409 554
409 225
409 827
554 274
554 230
554 911
554 827
38 22
38 427
38 865
38 872
38 243
38 485
38 371
346 523
346 677
765 117
765 155
765 723
387 550
387 524
387 58
387 501
387 16
353 441
353 771
353 879
353 679
771 441
879 97
879 679
879 830
373 2
373 425
373 580
373 492
373 741
373 538
2 580
2 425
580 492
855 358
855 342
855 433
358 6
358 433
208 279
208 733
208 832
817 379
817 693
817 382
817 160
817 76
836 622
836 474
836 28
836 64
622 858
622 474
622 191
622 64
474 636
474 858
28 64
636 917
636 27
636 858
858 27
858 191
858 283
479 426
479 829
479 110
479 869
479 673
479 67
426 673
426 825
426 829
110 829
110 177
110 417
110 869
869 804
869 652
869 67
910 102
910 508
910 825
910 626
910 177
910 829
102 953
102 508
102 825
825 829
177 417
177 507
177 626
177 829
953 435
953 508
953 109
435 247
435 96
435 109
592 903
592 247
592 131
247 96
247 131
417 507
417 754
417 834
313 375
313 423
313 124
313 907
313 598
313 210
382 693
382 354
382 515
382 645
576 122
576 602
576 761
602 236
602 761
236 227
236 413
236 761
236 607
236 428
274 632
274 230
274 949
274 81
230 911
230 81
230 831
230 623
911 737
911 811
911 827
911 623
949 632
949 241
949 81
949 563
949 784
784 381
784 563
784 241
784 364
784 194
813 329
813 376
813 956
813 573
813 381
813 194
329 956
329 376
381 563
381 14
381 573
381 194
73 395
73 497
73 840
73 656
73 267
376 610
376 573
376 184
780 276
780 610
780 260
610 184
610 145
610 260
610 307
260 276
260 307
276 497
276 307
860 589
860 395
860 303
860 267
395 589
395 267
267 656
267 303
267 187
558 807
558 364
558 194
558 956
558 802
558 562
807 19
807 364
807 562
807 516
364 241
364 19
364 194
194 956
956 802
802 562
528 196
528 3
528 632
528 730
528 241
528 19
528 516
3 632
3 794
3 196
632 241
730 516
730 902
730 196
241 19
19 516
284 195
284 30
284 649
284 107
284 414
649 820
649 414
820 393
820 762
820 777
820 289
820 414
909 195
909 252
909 289
909 261
909 414
909 65
909 315
195 252
195 30
195 414
252 65
289 393
289 261
289 414
65 964
65 315
777 762
777 179
777 75
777 112
179 751
179 347
179 567
179 112
751 347
751 748
751 112
918 567
918 347
918 262
918 498
567 347
567 262
347 498
262 740
945 505
945 459
945 932
505 653
505 52
505 932
523 898
523 371
523 865
523 677
523 235
865 22
865 371
865 235
677 320
677 235
345 667
345 427
345 485
345 895
345 33
345 641
345 640
485 427
485 872
485 640
33 56
33 641
33 676
33 895
640 872
640 877
640 641
640 338
872 243
872 78
872 338
126 740
126 107
126 118
126 511
941 590
941 637
941 341
941 615
941 464
941 712
590 654
590 265
590 637
590 294
590 712
294 301
294 183
294 637
294 654
294 525
301 222
301 410
301 183
301 525
301 45
410 222
410 853
410 967
410 45
425 701
425 538
425 472
472 538
472 701
472 560
472 319
848 278
848 830
848 534
830 97
830 534
763 843
763 679
763 441
763 492
763 741
763 337
679 97
679 843
679 441
441 492
492 741
741 538
741 337
278 432
278 534
278 476
278 696
394 142
394 111
394 572
111 432
111 572
899 804
899 754
899 115
899 420
899 617
938 72
938 212
938 776
938 651
938 878
212 862
212 544
212 646
212 878
920 43
920 308
920 646
920 182
920 399
92 975
92 786
92 226
92 487
92 537
92 99
99 226
99 570
99 537
99 816
99 900
484 295
484 521
484 929
484 995
484 206
456 182
456 72
456 716
456 295
456 859
456 206
182 43
182 859
182 72
72 776
72 206
716 859
716 178
716 317
716 295
295 317
295 206
859 408
859 43
206 776
206 995
651 776
651 325
651 340
651 878
651 264
776 995
776 264
995 929
995 690
995 264
350 929
350 690
350 806
350 707
350 746
350 518
929 521
929 690
929 518
188 398
188 682
188 895
188 676
188 104
188 833
895 676
895 667
895 833
676 56
676 244
676 104
104 398
104 958
104 244
104 74
641 877
641 56
641 437
821 75
821 312
821 597
821 112
821 748
821 46
112 748
112 75
748 46
46 703
46 597
718 318
718 665
718 316
317 808
317 178
317 151
178 522
178 867
178 151
522 867
522 153
522 480
522 942
867 151
867 306
867 942
867 569
709 880
709 368
709 41
709 712
709 464
709 201
712 464
712 265
712 368
464 367
464 201
464 615
98 916
98 613
98 583
98 922
98 285
121 947
121 146
121 954
121 720
121 237
121 722
947 906
947 146
947 979
947 237
146 819
146 845
146 722
237 720
237 979
237 823
43 308
43 408
43 218
43 595
218 232
218 308
218 181
218 584
218 595
902 228
902 196
902 440
902 674
196 794
196 674
107 30
107 118
107 100
30 691
30 100
245 954
245 737
245 827
245 225
245 964
245 720
954 737
954 463
954 722
954 720
737 811
737 463
737 827
827 225
225 964
964 720
320 37
320 235
320 943
235 22
235 943
37 943
37 951
37 692
682 398
682 214
682 150
682 833
682 931
944 723
944 493
944 1
944 501
944 117
944 16
1 117
1 501
501 16
117 723
16 524
16 493
16 240
371 898
371 243
371 591
723 155
723 493
723 461
493 240
493 461
243 78
243 591
243 803
342 279
342 433
342 924
799 266
799 999
799 300
799 500
799 87
799 207
999 300
999 221
999 266
999 785
999 980
660 6
660 930
660 960
660 604
266 207
266 980
266 290
266 527
207 515
207 87
207 693
207 527
693 379
693 515
693 406
693 527
527 290
527 406
527 756
662 379
662 565
662 406
662 15
662 733
662 756
662 832
379 406
379 76
379 565
565 928
565 15
565 76
406 756
15 733
15 928
733 832
330 928
330 976
330 76
330 160
928 76
976 160
76 160
854 673
854 191
854 283
854 130
854 67
854 873
673 191
673 67
191 283
67 652
67 873
282 917
282 948
282 242
917 27
917 242
283 27
283 130
283 966
242 8
242 948
242 27
242 966
27 966
109 96
109 509
109 439
109 508
109 372
508 626
508 372
439 509
439 216
439 172
439 372
903 769
903 131
903 747
769 122
769 747
96 509
96 131
96 446
131 747
131 446
669 172
669 375
669 124
669 507
669 372
669 626
172 905
172 375
172 216
172 372
375 905
375 423
375 124
124 907
124 834
124 507
507 626
507 834
372 626
7 834
7 907
7 796
7 198
7 420
7 754
834 754
834 907
907 598
907 796
198 745
198 796
198 993
198 119
198 420
420 115
420 754
420 119
354 434
354 645
354 773
434 227
434 773
515 645
515 87
515 203
210 423
210 598
210 60
210 467
210 992
467 60
467 132
467 963
467 83
467 992
796 598
796 745
796 883
598 60
598 883
60 132
60 71
60 883
132 71
132 963
132 800
132 950
71 883
71 369
71 950
745 993
745 795
745 883
745 250
883 369
883 250
750 81
750 831
750 454
750 563
750 14
750 793
81 563
81 831
831 454
831 851
831 623
454 851
454 612
454 529
454 793
563 14
623 811
623 851
623 352
851 612
851 512
851 352
819 845
819 957
819 173
656 113
656 187
656 840
656 758
656 391
187 553
187 303
187 113
187 875
532 184
532 573
532 889
532 14
532 793
532 450
184 573
184 889
184 145
573 14
14 793
793 529
793 450
164 307
164 145
164 611
164 758
164 840
164 497
307 145
307 497
145 889
145 611
758 840
758 391
758 402
758 611
840 497
154 62
154 460
154 390
154 429
154 12
154 321
512 612
512 668
512 927
512 352
512 934
393 762
393 261
393 234
393 48
689 75
689 312
689 281
689 762
689 234
689 984
75 762
75 312
762 234
559 908
559 877
559 338
559 866
559 82
559 743
877 338
877 437
877 908
338 78
338 743
368 742
368 880
368 265
368 361
526 341
526 775
526 429
526 637
526 525
526 850
341 637
341 775
341 32
341 615
775 32
775 429
775 321
775 814
429 850
429 460
429 321
637 525
525 45
525 850
876 319
876 538
876 337
876 914
876 438
876 915
538 337
538 319
337 843
337 180
337 914
963 857
963 800
963 83
963 430
963 955
781 534
781 476
781 180
781 843
781 97
781 566
534 476
534 97
180 843
180 914
180 566
843 97
45 967
45 850
45 870
850 460
850 870
460 842
460 62
460 870
476 696
476 566
476 581
719 639
719 458
719 106
719 468
639 458
639 445
639 44
639 468
639 798
142 572
142 468
142 798
468 798
389 842
389 605
389 61
389 868
389 249
389 62
868 496
868 249
868 445
868 44
868 61
62 390
62 249
62 842
403 367
403 201
403 749
403 139
403 431
403 93
106 844
106 458
106 514
726 496
726 324
726 783
726 44
726 514
726 458
44 445
44 458
44 496
458 514
510 589
510 303
510 783
510 844
510 514
589 844
589 303
303 553
303 783
783 553
783 324
783 514
844 514
842 870
842 605
842 728
967 853
967 152
967 870
967 728
870 728
275 152
275 853
275 914
275 438
275 566
275 581
152 853
152 728
152 581
853 438
914 566
914 438
438 915
566 581
186 658
186 336
186 123
186 544
186 862
186 965
448 700
448 993
448 119
448 841
448 311
448 891
448 115
993 700
993 795
993 119
119 115
311 144
311 891
311 841
311 561
311 365
891 144
891 648
891 617
891 115
115 617
795 700
795 167
795 250
795 818
250 471
250 369
250 818
700 167
700 841
700 163
841 561
841 269
841 163
786 975
786 658
786 123
786 226
786 77
537 816
537 997
537 487
537 66
543 729
543 683
543 985
543 77
543 975
543 731
975 487
975 77
975 731
157 226
157 123
157 399
157 646
157 570
157 544
226 123
226 570
123 658
123 544
646 544
646 399
544 862
570 900
570 399
570 49
399 308
399 49
308 232
308 49
494 806
494 690
494 264
494 397
494 989
494 325
806 690
806 707
806 190
806 397
690 264
264 325
880 742
880 732
880 41
880 470
707 746
707 190
707 385
707 400
503 424
503 171
503 672
503 272
503 746
503 400
746 424
746 518
746 400
397 989
397 418
397 190
397 711
231 365
231 561
231 277
231 779
231 839
365 561
365 144
365 629
365 839
561 269
561 277
277 269
277 310
277 644
277 779
779 644
779 477
779 273
779 839
23 978
23 959
23 9
23 56
23 244
23 437
56 244
56 437
244 74
244 978
437 908
437 9
55 383
55 488
55 978
55 159
55 729
55 959
978 74
978 383
978 959
729 683
729 985
729 959
729 159
959 985
959 9
703 597
703 885
703 557
885 128
885 768
885 248
885 557
972 597
972 312
972 782
972 724
972 557
972 281
597 312
597 557
312 281
557 782
557 248
281 984
281 835
281 724
53 768
53 564
53 316
53 665
53 175
53 128
316 318
316 665
316 174
316 564
665 175
175 128
128 768
49 900
49 232
49 809
424 171
424 518
424 846
424 752
518 521
518 752
521 808
521 791
521 752
752 846
752 791
752 792
846 89
846 171
846 792
125 942
125 587
125 957
125 103
125 480
125 583
942 480
942 569
942 587
957 583
957 173
957 103
480 153
480 922
480 583
583 922
923 569
923 587
923 815
923 575
923 93
923 431
569 306
569 587
569 815
587 575
587 103
725 285
725 584
725 595
725 153
725 922
725 408
285 613
285 475
285 922
285 584
584 211
584 475
584 181
584 595
595 408
153 922
153 408
674 440
674 794
674 442
691 794
691 100
691 442
794 442
511 740
511 118
511 996
228 440
228 360
638 360
638 440
638 442
638 100
638 118
638 996
360 440
360 996
440 442
442 100
100 118
118 996
506 713
506 833
506 150
506 251
506 951
506 692
506 453
833 667
833 150
833 713
692 453
692 951
453 968
453 251
404 667
404 427
404 713
404 22
404 951
404 943
667 427
667 713
427 22
713 951
22 943
951 943
31 708
31 214
31 931
31 94
31 52
31 893
653 447
653 52
653 893
52 932
52 94
52 893
70 461
70 155
70 591
70 898
70 220
70 327
461 155
461 240
461 887
461 220
155 327
591 898
591 803
591 220
898 327
78 803
78 743
78 380
743 82
743 588
743 380
980 785
980 366
980 290
980 759
29 756
29 832
29 279
29 924
29 290
29 759
756 290
756 832
832 279
279 924
290 759
966 130
966 8
966 253
144 648
144 629
144 135
509 216
509 446
509 332
216 694
216 874
216 905
216 332
694 874
694 428
694 607
694 149
694 332
828 747
828 122
828 446
828 761
828 332
828 607
747 122
747 446
122 761
446 332
761 607
332 607
607 428
227 413
227 773
227 608
773 645
773 608
773 59
645 203
645 59
87 500
87 203
87 568
161 992
161 423
161 849
161 905
161 874
161 149
992 423
992 83
992 849
423 905
905 874
874 149
352 811
352 668
352 156
811 463
811 156
927 90
927 351
927 668
927 934
927 706
103 575
103 173
103 594
463 722
463 156
463 894
722 845
722 894
391 113
391 402
391 436
391 296
113 875
113 296
436 547
436 374
436 974
436 402
436 296
553 324
553 875
553 520
760 402
760 611
760 450
760 889
760 704
760 974
402 611
402 974
611 889
450 529
450 704
450 889
974 449
974 704
974 547
704 529
704 449
704 176
529 612
529 176
612 934
612 176
234 48
234 984
234 971
82 866
82 322
82 588
82 666
588 370
588 254
588 380
588 666
258 88
258 339
258 355
258 787
258 11
258 542
11 614
11 254
11 370
11 787
11 88
647 88
647 614
647 887
647 240
647 852
647 524
88 614
88 852
88 339
240 524
240 887
852 339
852 457
852 550
852 524
524 550
222 183
222 624
222 271
785 366
785 577
785 221
785 753
300 221
300 500
300 621
300 491
955 137
955 430
955 857
955 24
857 800
857 343
857 299
857 24
299 822
299 189
299 200
299 343
299 24
605 61
605 728
605 192
581 696
581 728
581 192
728 192
93 139
93 431
93 575
93 586
575 594
575 586
540 965
540 336
540 578
540 935
540 644
540 310
644 310
644 477
644 935
878 340
878 862
878 158
862 965
862 158
965 336
965 578
965 158
310 269
310 578
310 465
269 163
269 465
163 167
163 541
163 465
167 818
167 541
167 504
818 471
818 418
818 504
418 989
418 471
418 711
418 504
21 77
21 683
21 935
21 377
21 658
21 336
77 683
77 658
683 159
683 377
935 477
935 377
935 336
658 336
985 9
985 731
985 618
9 908
9 618
908 866
908 618
477 377
477 273
477 401
377 159
377 401
159 488
159 401
41 201
41 470
41 695
431 201
431 815
431 695
201 367
201 695
808 791
808 151
808 969
151 306
151 969
471 369
471 711
471 946
369 950
369 946
634 961
634 822
634 767
634 385
634 272
634 400
822 189
822 343
822 961
822 767
400 385
400 272
272 672
272 961
272 499
678 405
678 519
678 466
678 630
488 628
488 383
488 401
488 535
401 273
401 535
782 248
782 86
782 724
782 571
502 174
502 348
502 864
502 36
502 318
502 556
864 36
864 318
318 174
36 58
36 556
36 789
58 550
58 789
550 457
550 789
339 457
339 355
339 280
697 998
697 185
697 536
697 80
697 51
697 444
185 141
185 444
185 998
185 79
185 288
900 816
900 809
900 422
816 997
816 47
816 422
732 742
732 89
732 470
732 792
732 286
792 791
792 89
792 286
791 969
791 286
211 475
211 116
211 861
211 181
211 970
181 232
181 970
232 809
232 970
239 893
239 931
239 968
239 251
239 447
239 150
893 931
893 447
931 214
931 150
968 447
968 251
251 150
739 803
739 220
739 887
739 380
739 614
739 254
803 220
803 380
220 887
887 614
380 254
614 254
254 370
797 924
797 433
797 759
797 6
797 604
797 366
924 433
924 759
433 6
759 366
6 604
604 366
604 577
604 960
366 577
873 652
873 130
873 255
873 801
130 253
130 801
127 652
127 804
127 617
127 255
127 913
127 648
652 804
652 255
804 617
617 648
255 913
255 69
255 801
648 135
648 913
500 621
500 568
500 362
59 203
59 608
59 170
59 871
203 568
203 871
594 173
594 586
594 344
594 224
173 845
173 224
845 894
845 224
486 156
486 668
486 894
486 224
486 344
486 706
156 668
156 894
668 706
894 224
224 344
517 520
517 324
517 390
517 249
517 897
517 496
324 496
324 520
390 249
390 12
390 897
249 496
296 875
296 374
296 837
875 520
875 837
520 897
520 837
547 449
547 374
547 495
547 738
715 176
715 449
715 738
715 270
715 90
715 934
176 449
176 934
449 738
738 495
738 165
738 270
90 351
90 934
90 937
90 270
952 921
952 48
952 823
952 315
952 384
952 261
48 261
48 971
48 921
823 979
823 315
823 384
315 261
984 835
984 971
984 686
421 205
421 213
421 835
421 724
421 571
421 490
205 687
205 256
205 213
205 298
205 571
213 298
213 977
213 415
213 490
835 724
835 686
835 490
724 571
571 86
571 256
490 415
490 650
490 686
666 42
666 322
666 370
666 549
370 787
370 549
542 600
542 355
542 51
542 787
542 478
787 549
787 478
51 998
51 600
51 536
51 478
319 560
319 915
319 0
915 624
915 0
0 919
0 560
0 624
0 599
624 271
624 599
183 654
183 271
183 215
577 960
577 753
577 268
960 930
960 268
960 349
770 925
770 378
770 63
770 778
770 491
770 148
491 221
491 621
491 925
491 148
221 753
221 148
555 192
555 61
555 445
555 696
555 798
555 572
555 432
192 61
192 696
61 445
445 798
696 432
798 572
572 432
586 139
586 344
586 805
706 351
706 344
706 805
344 805
465 541
465 578
465 912
578 158
578 912
158 340
158 912
229 866
229 322
229 618
229 731
229 66
229 487
866 322
866 618
322 66
322 42
618 731
731 487
66 997
66 487
66 42
309 695
309 470
309 286
309 969
309 306
309 815
695 470
695 815
470 286
286 969
969 306
306 815
950 800
950 946
950 411
800 343
800 411
343 767
343 411
238 961
238 189
238 499
238 378
238 63
238 826
961 189
961 499
189 200
189 378
378 200
378 925
378 63
63 778
63 199
63 826
519 459
519 630
519 685
574 625
574 838
574 685
574 630
574 54
574 466
630 466
630 685
466 405
466 881
466 54
174 564
174 348
174 539
990 86
990 248
990 657
990 768
990 539
990 564
86 248
86 256
86 657
248 768
768 564
564 539
757 323
757 556
757 789
757 457
757 280
757 863
556 348
556 789
556 323
789 457
457 280
687 256
687 298
687 582
687 766
355 600
355 280
355 26
863 323
863 280
863 766
863 582
863 26
280 26
680 998
680 600
680 26
680 582
680 79
680 298
998 79
998 600
600 26
26 582
582 298
582 766
79 298
79 977
79 288
298 977
664 970
664 809
664 422
664 80
664 84
664 444
970 84
970 861
970 809
809 422
422 47
422 80
80 536
80 47
80 444
84 141
84 444
84 861
444 141
916 906
916 613
916 790
913 135
913 69
913 68
882 135
882 629
882 293
882 68
882 888
882 812
135 629
135 68
629 839
629 293
608 413
608 170
608 983
413 428
413 983
428 149
428 983
149 849
149 983
162 362
162 137
162 24
162 200
162 925
162 621
24 137
24 200
200 925
925 621
621 362
897 12
897 837
897 642
837 374
837 642
374 495
374 642
202 962
202 533
202 749
202 615
202 32
202 367
615 367
615 32
32 814
32 962
367 749
552 165
552 270
552 962
552 937
552 533
270 165
270 937
962 814
962 165
962 533
197 937
197 351
197 805
197 139
197 533
197 749
937 351
937 533
351 805
805 139
139 749
533 749
861 116
861 141
861 388
736 545
736 415
736 288
736 977
736 388
736 141
545 415
545 650
545 973
545 603
545 388
415 650
415 977
288 141
288 977
388 141
388 603
388 116
473 42
473 997
473 549
473 478
473 536
473 47
42 997
42 549
997 47
549 478
478 536
536 47
654 265
654 215
654 886
265 361
265 886
359 462
359 727
359 199
359 333
359 548
359 926
199 826
199 778
199 462
199 926
627 349
627 930
627 919
627 560
627 981
627 701
930 701
930 349
919 560
919 599
919 291
919 981
560 701
981 291
981 548
981 349
981 452
548 291
548 333
548 926
548 452
349 268
349 452
742 89
742 361
742 10
171 672
171 89
171 134
89 10
89 134
95 268
95 753
95 148
95 778
95 452
95 926
268 753
268 452
753 148
148 778
778 926
452 926
705 912
705 541
705 325
705 989
705 340
705 504
912 340
912 541
541 504
325 340
325 989
989 504
663 411
663 767
663 711
663 190
663 946
663 385
411 946
411 767
767 385
711 190
711 946
190 385
331 8
331 948
331 988
331 890
331 881
331 405
8 948
8 253
8 988
948 890
890 405
405 881
801 253
801 69
801 314
253 988
253 314
223 685
223 459
223 482
223 94
223 932
685 482
685 838
685 459
459 932
94 932
94 708
94 482
398 214
398 958
398 585
708 214
708 482
708 824
708 585
214 585
625 54
625 531
625 838
625 168
625 204
482 838
482 824
482 114
838 168
838 114
140 535
140 273
140 987
140 293
140 839
535 628
535 579
535 273
535 987
273 839
293 839
293 987
293 812
936 766
936 323
936 348
936 657
936 256
936 539
766 323
766 256
323 348
348 539
657 256
657 539
979 906
979 384
979 138
906 790
906 138
357 790
357 613
357 363
357 603
357 116
357 475
790 613
790 138
790 363
613 475
603 973
603 363
603 116
116 475
686 971
686 650
686 108
650 973
650 108
971 921
971 108
788 209
788 871
788 362
788 568
788 137
788 430
871 568
871 170
871 209
362 568
362 137
137 430
596 983
596 170
596 209
596 849
596 83
596 430
983 170
983 849
170 209
209 430
849 83
83 430
744 642
744 12
744 321
744 165
744 495
744 814
642 12
642 495
12 321
321 814
165 495
165 814
361 886
361 10
361 698
10 134
10 147
10 698
291 599
291 333
291 335
271 599
271 215
271 335
599 335
901 134
901 672
901 147
901 462
901 499
901 826
134 672
134 147
672 499
147 462
147 727
147 698
462 826
462 727
499 826
888 68
888 812
888 204
888 531
888 263
68 69
68 263
69 314
69 263
166 988
166 881
166 314
166 263
166 531
166 54
988 881
988 314
881 54
314 263
263 531
531 54
531 204
74 958
74 383
74 169
628 383
628 579
628 169
383 169
143 585
143 824
143 114
143 469
143 958
143 169
585 958
585 824
824 114
114 168
114 469
958 169
169 579
169 469
896 987
896 812
896 469
896 168
896 579
896 204
987 579
987 812
812 204
469 168
469 579
168 204
57 138
57 384
57 921
57 973
57 363
57 108
138 363
138 384
384 921
921 108
973 363
973 108
601 335
601 333
601 698
601 886
601 215
601 727
335 333
335 215
333 727
698 886
698 727
886 215
