2902 0
148 132
148 807
148 598
148 850
598 205
598 978
598 850
224 914
224 411
224 956
224 638
224 527
936 653
936 435
936 779
936 34
936 169
653 435
653 424
653 169
348 652
348 438
348 231
348 637
693 860
693 680
693 374
693 497
388 726
388 374
388 949
388 341
388 517
388 497
645 571
645 823
645 514
645 78
817 809
817 512
817 702
817 78
817 265
809 613
809 512
809 232
809 763
809 265
78 823
78 514
78 702
78 265
823 421
823 571
823 265
5 763
5 220
5 421
5 265
421 265
265 763
975 949
975 517
975 486
975 597
975 150
975 360
486 222
486 415
486 389
486 597
486 360
949 341
949 517
949 360
949 719
514 571
514 582
514 702
514 961
571 961
571 955
961 397
961 962
961 582
961 955
342 65
342 840
342 119
342 506
342 604
794 519
794 805
794 522
794 166
119 354
119 840
119 604
119 255
119 882
840 65
840 354
724 855
724 958
724 70
724 146
724 531
724 436
724 738
146 768
146 596
146 855
146 70
146 912
764 287
764 754
764 801
764 147
754 627
754 156
754 147
978 347
978 205
978 296
16 914
16 10
16 878
16 14
859 300
859 557
859 42
859 163
859 3
425 186
425 366
425 984
425 104
425 39
425 422
411 956
411 134
411 527
411 822
415 340
415 222
415 389
415 261
415 77
325 211
325 365
325 127
325 505
325 298
325 965
962 397
962 410
962 582
962 167
582 702
582 439
582 167
435 424
435 369
435 943
369 723
369 943
169 34
169 424
169 999
169 491
72 779
72 665
72 625
72 84
34 779
34 491
34 525
34 84
779 84
427 846
427 177
427 403
427 503
427 98
427 970
154 861
154 244
154 904
154 447
154 53
154 833
389 258
389 261
389 597
389 774
517 726
517 150
517 828
309 678
309 778
309 275
309 391
309 462
309 797
761 422
761 366
761 842
761 267
761 947
761 206
947 292
947 392
947 695
947 206
947 267
235 186
235 984
235 510
235 778
235 678
778 593
778 510
778 678
778 275
697 401
697 577
697 99
697 279
697 42
577 42
577 557
577 401
42 163
42 557
984 186
984 104
984 678
984 712
678 797
678 87
678 712
793 181
793 609
793 456
793 776
793 576
793 896
456 181
456 937
456 896
456 114
907 497
907 341
907 232
907 763
907 220
907 680
497 374
497 341
497 680
341 719
341 232
232 613
232 763
232 719
763 220
220 680
781 211
781 365
781 686
781 512
781 439
781 702
211 365
211 127
211 555
211 686
512 613
512 702
512 686
702 439
728 686
728 613
728 719
728 360
728 555
728 222
686 613
686 555
613 719
719 360
360 222
555 340
555 222
555 127
222 340
573 955
573 665
573 397
573 314
573 625
955 397
665 625
397 410
397 314
65 506
65 950
506 950
506 604
506 983
506 619
983 604
983 468
983 852
983 814
983 619
950 704
950 619
477 468
477 82
477 679
477 698
477 619
477 704
698 679
698 564
698 704
619 468
619 704
123 820
123 829
123 917
123 542
123 303
123 699
354 882
354 280
433 636
433 851
433 280
433 130
280 882
280 130
882 255
882 130
882 574
130 851
130 349
130 574
143 589
143 106
143 996
143 664
143 802
143 97
873 805
873 589
873 996
873 121
805 519
805 522
805 121
659 959
659 175
659 266
659 676
659 739
659 810
714 787
714 250
714 178
714 457
356 787
356 109
356 741
356 429
787 250
787 429
478 531
478 436
478 874
478 982
478 200
531 480
531 958
531 436
531 444
531 982
436 874
436 656
436 738
718 252
718 734
718 543
718 54
718 179
718 642
287 438
287 801
287 73
801 147
801 612
801 538
801 73
537 375
537 113
537 733
537 953
537 30
537 565
296 205
296 318
296 347
296 772
296 159
347 409
347 159
876 560
876 10
876 308
876 956
876 638
876 914
10 914
10 14
10 560
638 914
638 956
132 807
132 850
132 780
132 226
206 842
206 300
206 392
206 495
392 292
392 48
392 495
163 3
163 405
459 994
459 998
459 884
459 11
863 264
863 271
863 204
863 449
863 757
863 350
631 76
631 317
631 270
631 88
631 264
631 350
264 88
264 580
264 271
264 350
527 575
527 822
527 197
935 28
935 380
935 745
935 351
935 117
935 443
127 340
127 505
127 979
340 77
340 979
677 615
677 508
677 357
677 502
677 929
677 920
365 965
365 439
365 556
439 167
439 556
615 508
615 920
615 771
615 614
556 965
556 771
556 167
556 614
167 410
167 614
424 999
424 943
424 610
252 734
252 54
252 434
252 616
252 783
54 179
54 905
54 343
54 783
616 358
616 742
616 434
616 783
616 784
625 84
625 314
625 800
84 525
84 800
733 113
733 953
733 849
733 37
583 215
583 91
583 908
583 776
583 609
583 837
152 528
152 45
152 888
152 533
152 145
152 821
376 818
376 278
376 989
376 937
376 339
937 181
937 989
937 572
937 114
937 339
953 30
953 125
953 37
953 304
849 113
849 184
849 400
849 37
849 635
721 375
721 113
721 792
721 669
721 62
721 635
113 375
113 635
922 80
922 322
922 275
922 294
922 528
922 391
80 593
80 767
80 275
80 816
80 322
322 964
322 294
322 816
322 364
275 593
275 391
528 45
528 294
528 888
528 391
391 888
391 462
122 888
122 533
122 462
122 971
122 278
122 818
888 533
888 462
462 797
462 971
818 190
818 971
818 278
818 989
811 973
811 437
811 867
811 363
811 671
811 128
437 732
437 285
437 359
437 973
437 867
942 162
942 877
942 262
942 853
942 570
942 269
403 846
403 970
403 549
403 991
403 550
112 991
112 549
112 799
112 594
112 765
112 945
32 215
32 776
32 658
32 576
32 997
32 177
215 91
215 599
215 658
215 776
776 609
776 576
177 846
177 503
177 658
177 997
288 333
288 496
288 53
288 861
288 458
288 448
73 652
73 438
73 538
73 906
352 774
352 258
352 901
352 216
352 209
352 131
209 966
209 611
209 216
209 455
209 131
774 258
774 901
774 597
774 858
597 150
597 858
860 487
860 374
860 641
487 182
487 227
487 641
374 726
374 641
819 242
819 231
819 536
819 71
242 71
242 161
242 295
438 652
231 637
231 536
536 637
536 370
536 624
536 71
71 161
71 889
71 624
401 557
401 540
401 99
401 715
557 540
557 300
557 417
300 3
300 842
300 495
300 417
337 422
337 842
337 417
337 39
337 919
337 540
337 825
422 366
422 39
422 842
842 417
417 540
919 825
919 24
919 715
919 540
540 715
293 692
293 775
293 941
293 144
293 578
293 176
725 420
725 758
725 887
725 670
988 190
988 971
988 797
988 355
988 313
988 87
971 797
971 190
797 87
496 333
496 893
496 53
496 752
496 632
53 861
53 447
53 632
201 997
201 214
201 832
201 138
201 576
201 896
997 503
997 214
997 576
138 423
138 368
138 896
138 832
576 896
896 423
896 114
114 572
114 423
114 183
904 368
904 833
904 423
904 447
904 183
423 368
423 183
414 9
414 247
414 843
414 41
414 276
414 902
9 198
9 378
9 247
9 96
9 276
276 977
276 416
276 902
276 96
498 126
498 175
498 959
498 606
498 395
498 736
395 675
395 173
395 606
395 736
395 865
604 255
604 814
604 15
255 574
255 203
255 15
476 240
476 141
476 281
476 268
476 542
476 194
281 141
281 940
281 192
281 829
281 542
542 829
542 303
542 194
562 192
562 940
562 911
562 26
562 852
562 2
852 468
852 814
852 26
852 2
468 82
468 2
744 679
744 564
744 630
744 617
744 139
679 564
679 82
679 630
564 617
926 61
926 519
926 551
926 969
194 303
194 608
194 268
194 289
303 699
303 608
303 946
442 170
442 268
442 36
442 240
442 83
442 737
170 36
170 8
170 79
170 289
170 268
268 240
268 289
240 141
240 396
240 737
737 396
737 47
737 83
737 756
994 467
994 872
994 884
636 851
636 249
636 291
249 713
249 291
106 589
106 664
106 976
589 996
605 664
605 200
605 874
605 741
605 109
605 976
664 802
664 200
664 976
200 802
200 982
200 874
874 656
874 100
874 741
741 109
741 100
741 429
109 976
982 802
982 444
982 484
802 97
802 484
408 444
408 796
408 173
408 484
408 660
408 164
444 480
444 796
444 484
173 675
173 164
173 606
173 796
484 97
484 660
97 996
97 660
97 419
996 121
996 419
675 164
675 865
675 290
675 544
676 990
676 465
676 739
676 266
676 120
266 394
266 345
266 810
266 120
394 769
394 345
394 426
394 469
394 120
120 990
120 469
120 791
469 426
469 353
469 870
469 791
734 543
734 434
734 803
734 464
430 674
430 471
430 810
430 95
430 126
430 175
471 225
471 674
471 95
471 334
471 546
810 345
810 674
810 175
175 126
175 959
796 480
796 606
796 445
606 959
606 445
959 739
959 445
738 656
738 70
738 29
738 44
199 927
199 731
199 951
199 256
199 245
199 868
951 927
951 558
951 709
951 868
951 274
558 717
558 29
558 709
558 44
558 274
457 640
457 178
457 886
178 250
178 717
178 274
178 886
274 927
274 717
274 886
831 717
831 250
831 429
831 100
831 29
831 656
717 250
717 29
250 429
429 100
100 656
29 656
29 44
245 256
245 905
245 179
245 868
245 960
905 179
905 343
905 960
18 642
18 543
18 912
18 596
18 418
543 803
543 642
543 418
642 179
642 912
642 885
179 868
179 885
868 709
868 885
866 144
866 804
866 110
866 900
866 578
866 568
110 804
110 750
110 187
110 568
110 561
144 941
144 578
144 804
144 283
804 750
804 283
804 129
816 474
816 767
816 364
816 770
816 696
375 565
375 792
375 40
205 850
205 318
205 513
850 780
850 513
780 226
780 453
780 513
780 492
780 963
513 492
513 318
513 185
14 878
14 560
14 371
14 86
14 51
671 740
671 128
671 973
671 470
671 55
580 202
580 88
580 271
580 470
580 55
88 202
88 270
88 700
28 380
28 569
28 745
28 845
28 521
845 745
845 683
845 521
845 89
845 928
86 371
86 51
86 644
86 6
661 560
661 371
661 90
661 648
661 308
661 172
560 371
560 308
371 6
371 90
993 226
993 807
993 995
993 559
807 226
226 453
226 995
226 529
995 504
995 835
995 559
995 529
695 292
695 267
695 124
695 931
695 68
559 504
559 895
174 925
174 4
174 835
174 504
174 895
174 566
835 504
835 600
835 4
835 924
835 529
504 895
895 566
566 925
566 785
52 207
52 234
52 925
52 450
52 806
52 785
925 207
925 4
925 785
806 938
806 785
806 450
980 495
980 48
980 3
980 405
980 938
980 450
495 3
495 48
3 405
405 938
938 450
450 48
450 234
745 443
745 683
745 319
998 753
998 11
998 518
813 545
813 703
813 11
813 884
813 49
703 351
703 117
703 545
703 518
703 11
11 884
11 518
884 872
884 49
856 359
856 973
856 204
856 271
856 727
856 470
359 973
359 732
359 930
359 727
973 470
204 335
204 727
204 271
204 449
271 470
727 335
727 23
727 930
470 55
380 569
380 351
380 685
380 932
351 117
351 545
351 932
117 443
117 518
117 595
518 753
518 595
753 575
753 595
77 63
77 261
77 979
77 808
407 830
407 923
407 505
407 979
407 808
407 259
923 298
923 815
923 505
923 773
923 830
505 298
505 979
979 808
549 970
549 991
549 799
549 228
500 970
500 98
500 916
500 260
500 372
500 228
970 98
970 228
503 98
503 214
503 981
98 372
98 981
260 916
260 372
260 460
260 116
460 916
460 890
460 830
460 259
460 116
460 672
830 259
830 773
830 672
502 357
502 920
502 784
502 358
502 50
358 742
358 586
358 784
358 50
85 920
85 771
85 965
85 298
85 815
85 50
920 771
920 50
771 965
771 614
965 298
298 815
610 999
610 943
610 731
610 256
610 623
256 731
256 960
256 623
960 217
960 343
960 623
591 633
591 491
591 623
591 217
591 208
591 999
491 999
491 525
491 633
623 999
623 217
384 784
384 357
384 783
384 208
384 343
384 217
784 357
784 783
357 929
357 208
783 343
208 929
208 633
208 217
343 217
314 410
314 800
314 910
410 614
410 910
614 508
614 910
253 837
253 908
253 304
253 125
253 585
253 812
987 30
987 125
987 812
987 221
987 944
987 145
30 125
30 565
30 221
125 304
125 812
812 821
812 585
812 145
145 45
145 944
145 821
278 339
278 533
278 312
533 821
533 312
821 585
821 312
992 339
992 181
992 609
992 837
992 585
992 312
339 181
339 312
181 609
609 837
837 908
837 585
585 312
880 37
880 877
880 304
880 908
880 162
880 91
37 184
37 877
37 304
877 162
877 184
877 269
304 908
908 91
162 262
162 599
162 91
91 599
96 977
96 378
96 913
96 628
302 743
302 711
302 413
302 708
302 386
386 708
386 853
386 570
386 711
386 254
864 902
864 180
864 708
864 41
864 196
864 413
902 416
902 180
902 41
708 413
708 254
708 180
41 843
41 196
41 479
426 769
426 353
426 479
426 881
479 843
479 769
479 196
479 881
853 570
853 262
853 711
853 236
945 594
945 799
945 707
945 553
945 524
594 67
594 765
594 27
594 524
622 538
622 390
622 906
622 66
622 56
538 612
538 390
538 906
906 652
906 66
906 790
637 652
637 370
637 790
652 790
861 244
861 458
861 441
244 833
244 749
244 966
244 441
966 611
966 455
966 749
966 441
131 901
131 455
131 730
131 834
901 858
901 155
901 834
273 182
273 957
273 35
273 921
182 227
182 957
295 161
295 921
295 747
921 35
921 747
161 889
161 581
161 747
747 35
747 581
747 230
150 828
150 858
150 229
858 155
858 229
828 726
828 229
828 729
828 310
726 641
726 310
227 957
227 641
227 310
641 310
267 366
267 124
267 383
186 366
186 510
186 383
366 383
568 387
568 900
568 187
568 74
578 176
578 900
578 306
87 712
87 313
87 398
887 246
887 670
887 257
670 758
670 74
670 187
670 257
187 561
187 74
187 257
58 156
58 627
58 257
58 561
58 248
58 246
627 156
627 246
257 246
257 561
561 750
561 248
447 632
447 183
447 541
183 572
183 541
572 989
572 548
572 541
632 752
632 541
632 626
752 893
752 223
752 509
752 626
541 548
541 626
626 509
626 548
626 472
607 225
607 674
607 769
607 345
607 843
607 247
225 674
225 198
225 247
225 546
674 345
769 345
769 843
843 247
247 198
334 95
334 546
334 946
334 699
334 463
699 917
699 946
699 463
396 141
396 756
396 22
396 918
940 141
940 192
940 26
940 918
141 918
601 1
601 251
601 911
601 820
601 829
601 192
820 829
820 917
820 985
820 251
829 192
192 911
655 1
655 160
655 105
655 898
655 251
655 233
251 985
251 233
251 1
602 1
602 911
602 2
602 630
602 160
602 82
1 911
1 160
911 2
2 82
630 82
630 139
630 160
160 139
160 105
746 551
746 149
746 139
746 617
551 969
551 149
139 617
139 105
139 149
519 61
519 166
865 736
865 377
865 290
865 323
233 985
233 722
233 898
233 939
166 61
166 522
166 554
166 688
946 608
946 546
946 667
198 378
198 546
198 667
546 667
330 136
330 36
330 930
330 8
330 428
330 732
36 8
36 83
36 136
930 23
930 732
930 136
732 285
732 428
23 335
23 136
23 69
23 526
136 83
136 526
83 47
83 526
335 449
335 69
335 346
713 111
713 291
713 311
516 121
516 522
516 419
516 554
516 544
516 164
516 660
121 522
121 419
522 554
419 660
164 660
164 544
46 534
46 742
46 897
46 434
46 464
46 760
742 434
742 586
742 534
897 553
897 760
897 301
897 534
897 707
434 464
464 803
464 213
464 760
490 445
490 480
490 958
490 739
490 465
490 855
445 480
445 739
480 958
958 855
739 465
465 855
465 768
465 990
855 768
621 886
621 927
621 731
621 723
621 640
621 943
886 640
886 927
927 731
731 943
723 640
723 943
379 885
379 912
379 709
379 70
379 44
885 912
885 709
912 596
912 70
709 44
70 44
735 283
735 59
735 875
735 666
735 941
735 223
283 941
283 129
283 59
941 692
941 223
223 692
223 893
223 666
223 509
147 156
147 612
147 824
248 750
248 156
248 824
750 129
750 824
156 824
404 338
404 696
404 755
404 474
404 782
404 903
696 474
696 770
696 899
696 338
755 931
755 903
755 654
755 474
474 767
474 654
899 770
899 590
899 338
899 282
899 165
202 55
202 700
202 720
202 681
55 740
55 681
740 128
740 681
740 563
740 142
4 207
4 600
4 432
453 963
453 529
453 94
529 924
529 94
963 492
963 94
963 539
963 212
770 590
770 364
770 193
364 964
364 193
646 547
646 777
646 948
646 587
646 327
646 19
318 772
318 185
318 798
682 673
682 243
682 51
682 878
51 878
51 644
51 673
481 928
481 172
481 134
481 956
481 683
481 308
928 683
928 89
928 210
928 172
172 210
172 648
172 308
134 956
134 822
134 319
134 683
956 308
683 319
648 210
648 879
648 90
648 892
545 49
545 932
545 81
685 317
685 569
685 76
685 932
685 588
932 81
932 588
324 595
324 443
324 319
324 822
324 197
324 575
595 443
595 575
443 319
319 822
822 197
197 575
651 620
651 216
651 258
651 219
651 63
651 261
216 258
216 611
216 620
258 261
261 63
214 832
214 981
214 7
297 301
297 890
297 707
297 916
297 799
297 228
707 553
707 799
707 301
916 890
916 228
799 228
672 890
672 773
672 493
890 301
890 493
301 534
301 493
534 586
534 493
650 910
650 800
650 633
650 929
650 508
650 525
910 800
910 508
800 525
633 525
633 929
929 508
867 285
867 363
867 603
867 452
748 62
748 649
748 57
748 363
748 128
363 128
363 452
363 57
128 142
128 649
452 57
452 603
452 854
452 883
8 79
8 428
8 20
25 289
25 608
25 667
25 79
25 628
25 378
289 608
289 79
608 667
667 378
79 20
79 628
628 378
628 913
628 20
977 416
977 913
977 361
977 393
854 361
854 151
854 603
854 883
854 393
67 765
67 743
67 413
67 27
67 657
413 743
413 196
413 657
196 881
196 657
847 254
847 180
847 520
847 151
847 361
847 416
254 180
254 570
254 520
180 416
151 361
151 883
151 241
151 520
361 416
361 393
362 236
362 711
362 550
362 743
362 991
362 765
711 743
711 236
743 765
991 765
991 550
766 550
766 846
766 236
766 658
766 599
766 262
550 846
550 236
846 658
236 262
658 599
599 262
666 893
666 875
666 92
333 893
333 448
333 826
333 92
893 92
624 889
624 370
624 488
889 581
889 515
889 43
889 488
305 237
305 730
305 455
305 441
305 458
305 788
455 730
455 441
441 458
458 448
458 788
515 581
515 43
515 38
515 107
581 230
581 107
0 654
0 124
0 383
0 510
0 593
0 767
654 931
654 124
654 767
124 931
124 383
383 510
510 593
593 767
74 387
74 758
74 871
900 387
900 306
900 189
387 871
387 24
387 189
24 825
24 715
24 871
24 189
382 472
382 355
382 692
382 775
382 509
382 313
692 775
692 509
775 176
775 398
775 313
509 472
313 355
313 398
321 472
321 355
321 548
321 190
321 989
472 548
472 355
355 190
548 989
190 989
95 126
95 463
95 839
736 126
736 377
736 839
126 839
759 15
759 814
759 967
759 26
759 22
759 918
15 814
15 203
15 967
814 26
967 203
967 22
967 75
26 918
22 756
22 75
22 918
105 149
105 898
105 373
149 969
149 373
898 939
898 687
898 373
323 377
323 722
323 290
323 939
323 329
290 544
290 329
939 687
939 722
939 329
544 554
544 329
554 688
554 329
482 373
482 969
482 687
482 61
482 688
482 329
373 687
373 969
969 61
687 329
61 688
688 329
449 757
449 346
449 239
756 75
756 47
756 272
507 526
507 47
507 272
507 710
507 69
507 494
526 69
526 47
47 272
69 346
69 494
75 203
75 272
75 869
272 710
272 869
851 349
851 291
851 118
872 467
872 101
872 49
872 466
467 111
467 466
111 311
111 466
870 353
870 791
870 218
870 12
870 662
584 418
584 803
584 218
584 213
584 662
803 213
803 418
827 791
827 990
827 218
827 768
827 596
827 418
791 990
791 218
990 768
218 662
218 418
768 596
596 418
171 129
171 59
171 824
171 56
171 390
171 612
129 59
129 824
59 56
59 875
824 612
390 612
390 56
94 924
94 539
94 690
924 600
924 862
924 690
19 777
19 327
19 135
19 836
19 838
691 848
691 639
691 320
691 986
691 590
691 193
590 282
590 848
590 193
193 964
193 986
909 137
909 539
909 165
909 690
909 782
909 338
137 485
137 894
137 165
137 212
137 539
539 212
539 690
165 338
165 282
165 485
690 782
690 862
782 862
782 903
782 338
681 720
681 563
681 489
669 792
669 62
669 649
669 284
649 62
649 142
649 284
316 751
316 643
316 451
316 431
316 489
316 381
489 431
489 720
489 563
489 381
954 207
954 234
954 432
954 48
954 292
954 68
207 234
207 432
234 48
48 292
292 68
188 600
188 862
188 432
188 903
188 68
188 931
600 862
600 432
862 903
432 68
903 931
68 931
185 492
185 798
185 972
185 440
492 212
492 440
212 894
212 440
964 294
964 986
964 647
964 523
294 45
294 523
45 944
45 523
944 221
944 523
944 891
523 647
523 891
639 838
639 848
639 836
639 320
639 461
21 135
21 836
21 461
21 751
21 643
21 103
135 777
135 836
135 705
135 643
836 838
836 461
461 320
461 499
461 103
751 643
751 592
751 103
751 381
643 451
643 705
103 592
103 115
103 499
798 772
798 972
798 93
798 402
772 159
772 402
644 673
644 6
644 168
644 567
644 140
567 168
567 153
567 93
567 402
567 140
894 485
894 440
894 762
894 64
440 972
440 64
317 76
317 270
317 569
317 786
569 521
569 786
431 451
431 332
431 720
431 689
720 700
720 689
521 89
521 786
521 694
473 629
473 168
473 892
473 90
473 968
473 6
629 153
629 168
629 948
629 547
629 968
168 6
168 153
892 879
892 501
892 968
892 90
90 6
49 101
49 81
49 277
76 350
76 588
76 857
350 757
350 857
832 368
832 7
832 475
368 833
368 475
833 749
833 475
981 372
981 7
981 618
372 116
372 328
372 618
915 328
915 116
915 808
915 63
915 219
915 259
116 259
116 328
808 63
808 259
63 219
663 493
663 586
663 773
663 50
663 815
493 586
493 773
586 50
773 815
50 815
31 20
31 913
31 393
31 603
31 428
31 285
20 913
20 428
913 393
393 603
603 285
428 285
385 657
385 27
385 881
385 353
385 12
657 27
657 881
27 524
27 12
881 353
353 12
701 241
701 400
701 883
701 635
701 62
701 57
883 57
883 241
635 400
635 62
62 57
158 241
158 520
158 269
158 570
158 400
158 184
241 520
241 400
520 570
269 570
269 184
400 184
552 56
552 875
552 92
552 826
552 454
552 66
56 875
56 66
875 92
92 826
535 790
535 66
535 488
535 716
535 370
535 454
790 66
790 370
66 454
488 43
488 716
488 370
448 826
448 788
448 286
826 454
826 286
454 716
454 286
789 788
789 237
789 38
789 286
789 716
789 43
788 237
788 286
286 716
716 43
43 38
195 237
195 730
195 38
195 834
195 191
195 107
237 730
237 38
730 834
38 107
834 155
834 191
107 230
107 191
107 530
191 155
191 530
229 729
229 155
229 530
155 530
952 871
952 758
952 99
952 279
952 715
952 420
871 758
871 715
758 420
99 279
99 715
279 420
189 306
189 825
189 33
825 39
825 33
39 104
39 33
108 839
108 463
108 917
108 377
108 722
108 985
839 463
839 377
463 917
917 985
377 722
722 985
203 574
203 869
203 157
574 349
574 157
238 12
238 524
238 662
238 213
238 553
238 760
12 524
12 662
524 553
662 213
213 760
553 760
102 838
102 848
102 282
102 485
102 327
102 762
838 848
838 327
848 282
282 485
485 762
327 587
327 762
762 587
762 64
777 547
777 705
777 299
547 948
547 968
547 299
968 501
968 299
705 451
705 299
705 532
451 332
451 532
299 501
299 532
792 40
792 284
792 263
974 381
974 563
974 142
974 284
974 592
974 263
381 592
381 563
563 142
142 284
284 263
592 115
592 263
263 115
263 40
115 499
115 40
115 133
40 565
40 133
934 402
934 159
934 140
934 409
934 673
934 243
402 93
402 159
402 140
159 409
140 673
409 243
673 243
446 587
446 948
446 64
446 153
446 972
446 93
587 948
587 64
948 153
64 972
153 93
972 93
210 89
210 879
210 315
89 694
89 315
336 694
336 786
336 270
336 689
336 844
336 700
694 786
694 315
694 844
786 270
270 700
689 332
689 844
689 700
757 239
757 857
757 326
475 7
475 749
475 60
611 620
611 749
611 60
749 60
684 530
684 230
684 35
684 957
684 729
684 310
530 230
530 729
230 35
35 957
957 310
729 310
933 33
933 306
933 176
933 712
933 104
933 398
33 306
33 104
306 176
176 398
712 104
712 398
349 118
349 157
349 841
499 320
499 133
499 307
647 986
647 891
647 307
986 320
986 307
320 307
579 565
579 221
579 133
579 891
579 307
565 221
565 133
221 891
133 307
891 307
668 315
668 844
668 332
668 501
668 879
668 532
315 844
315 879
844 332
332 532
501 879
501 532
346 239
346 494
346 17
406 618
406 7
406 60
406 620
406 219
406 328
618 7
618 328
7 60
60 620
620 219
219 328
239 326
239 17
239 13
494 710
494 17
494 795
17 13
17 399
17 795
101 466
101 277
101 483
101 511
466 311
466 511
367 277
367 81
367 13
367 588
367 326
367 857
277 81
277 483
277 13
81 588
13 399
13 483
13 326
588 857
326 857
483 399
483 511
483 344
399 795
399 634
399 344
706 634
706 841
706 795
706 710
706 869
706 157
634 795
634 412
634 841
634 344
841 118
841 157
841 412
795 710
710 869
869 157
331 511
331 311
331 344
331 291
331 412
331 118
511 311
511 344
311 291
344 412
291 118
412 118
