2920 0
951 938
951 526
951 370
951 202
698 305
698 357
698 446
698 85
929 987
929 286
929 9
929 33
929 610
948 490
948 938
948 718
938 202
938 490
490 202
490 718
490 32
490 981
313 310
313 591
313 795
313 935
313 221
827 642
827 152
827 362
827 693
305 357
305 85
305 16
305 509
305 733
940 749
940 260
940 357
940 16
940 188
339 715
339 446
339 742
446 85
446 715
742 697
742 715
742 73
579 822
579 654
579 126
579 75
579 459
579 398
579 124
654 867
654 87
654 822
654 124
459 790
459 126
459 124
459 854
843 805
843 662
843 238
843 897
843 483
662 805
662 483
662 538
338 538
338 805
338 501
338 796
338 232
338 204
538 805
538 483
538 58
538 204
876 504
876 635
876 642
876 152
876 824
876 89
504 635
504 910
504 304
504 372
504 89
635 362
635 642
635 910
642 362
642 152
152 824
152 118
152 693
232 265
232 914
232 796
232 204
232 493
18 753
18 919
18 304
18 834
18 237
304 910
304 237
304 372
304 753
238 897
238 379
565 939
565 905
565 954
565 471
565 71
565 299
86 445
86 987
86 145
86 262
987 286
987 9
987 445
987 262
286 610
286 262
286 489
286 958
262 145
262 958
262 868
145 445
145 868
145 113
145 210
688 612
688 770
688 445
688 210
445 9
445 770
445 210
868 113
868 958
868 88
868 381
958 489
958 657
958 381
27 503
27 670
27 114
27 57
27 88
27 102
88 102
88 113
88 381
88 503
566 349
566 607
566 151
566 567
566 378
566 581
37 389
37 280
37 455
37 287
37 387
37 248
37 788
387 108
387 248
387 981
387 788
718 32
718 276
795 591
795 935
795 282
795 804
795 131
935 221
935 131
221 913
221 413
221 131
981 202
981 32
981 108
981 788
981 162
202 370
202 162
516 499
516 216
516 595
516 944
516 346
516 604
516 933
248 108
248 287
248 944
248 933
944 346
944 287
944 933
944 772
591 310
591 282
591 837
591 652
310 807
310 652
652 837
652 807
652 26
652 761
807 9
807 26
807 263
507 982
507 356
507 899
982 881
982 239
982 356
982 258
512 362
512 48
512 230
512 757
512 669
197 99
197 103
197 384
197 830
197 792
197 675
830 675
830 212
830 384
19 684
19 316
19 513
19 212
19 177
19 675
212 675
212 308
212 684
212 384
177 450
177 675
177 513
899 488
899 356
899 174
687 186
687 449
687 706
687 615
687 95
687 748
647 885
647 217
647 961
647 199
647 496
647 228
885 724
885 217
885 245
885 205
885 228
706 189
706 449
706 615
706 171
706 144
509 16
509 733
509 421
509 816
16 260
16 357
16 816
645 256
645 723
645 314
645 537
645 109
393 884
393 82
393 245
393 724
393 149
393 246
246 149
246 256
246 724
246 978
724 217
724 245
724 978
956 85
956 715
956 733
956 407
956 291
956 328
85 715
85 733
715 73
715 407
733 421
733 291
816 109
816 723
816 421
816 260
816 630
679 849
679 651
679 794
679 317
679 410
679 321
684 308
684 720
684 316
684 672
319 924
319 646
319 533
319 175
533 156
533 175
740 285
740 395
740 646
740 530
646 924
646 530
41 793
41 697
41 345
851 399
851 488
851 817
851 900
900 817
900 5
488 399
488 174
482 941
482 812
482 345
482 527
345 793
345 527
539 73
539 407
539 821
539 626
539 793
539 697
73 407
73 697
407 328
407 821
793 697
793 527
793 626
764 535
764 138
764 198
764 703
764 23
764 858
397 394
397 100
397 234
397 128
397 64
397 261
863 790
863 126
863 739
863 833
863 848
863 738
126 438
126 75
126 790
126 739
739 438
739 588
739 254
739 738
848 541
848 912
848 833
848 598
848 738
738 254
738 639
738 598
790 854
790 833
790 165
833 541
833 165
833 602
124 87
124 854
124 117
124 731
529 79
529 870
529 115
529 412
529 303
529 457
529 363
919 493
919 753
919 796
919 834
919 802
834 237
834 802
237 910
237 802
483 897
483 58
483 668
372 89
372 753
372 845
372 616
922 473
922 443
922 493
922 753
922 845
922 914
493 753
493 914
493 796
753 845
845 473
845 880
845 616
914 265
914 371
914 443
71 471
71 299
71 774
71 638
481 21
481 979
481 517
481 558
481 299
481 638
299 954
299 558
299 638
909 517
909 51
909 146
909 380
909 765
909 674
909 638
146 385
146 452
146 380
146 63
146 51
674 765
674 762
674 774
674 638
638 774
638 517
774 471
774 762
774 358
471 681
471 905
471 358
681 905
681 643
681 358
643 776
643 358
52 132
52 114
52 195
52 670
52 60
747 977
747 84
747 132
747 114
747 901
747 192
114 132
114 670
114 57
114 192
84 977
84 901
84 159
84 911
84 477
473 880
473 510
473 443
473 367
371 962
371 436
371 443
371 265
371 965
443 367
443 965
367 510
367 708
367 458
367 965
962 385
962 452
962 436
962 965
962 650
452 120
452 63
452 385
452 650
965 458
965 650
589 934
589 836
589 184
589 323
589 207
589 485
477 901
477 911
477 353
477 613
477 214
63 120
63 51
63 603
63 746
911 159
911 603
911 214
911 746
768 159
768 979
768 517
768 51
768 603
159 979
159 800
159 977
159 603
979 21
979 800
979 517
517 51
51 603
603 746
954 133
954 939
954 558
954 592
133 939
133 65
133 224
133 592
263 26
263 40
263 9
263 763
102 57
102 163
102 113
102 803
113 210
113 803
210 612
210 803
381 503
381 657
381 107
657 489
657 963
657 937
657 107
788 280
788 32
788 61
32 276
32 61
206 389
206 280
206 913
206 131
206 804
280 389
280 61
280 913
131 804
131 913
804 282
804 797
804 389
285 395
285 56
285 300
196 46
196 42
196 370
196 175
196 156
196 526
370 526
370 162
370 42
175 924
175 365
175 46
175 156
156 526
46 365
46 42
46 972
78 162
78 108
78 933
78 499
78 42
78 972
162 108
162 42
108 933
933 499
499 216
499 972
42 972
604 346
604 595
604 13
604 521
604 637
521 649
521 571
521 13
521 711
521 637
67 887
67 828
67 581
67 893
67 484
67 96
581 349
581 828
581 567
581 96
13 595
13 711
13 846
72 934
72 117
72 279
72 572
72 165
72 854
934 836
934 279
934 485
934 117
165 854
165 602
165 572
854 117
996 810
996 787
996 411
996 696
996 106
712 11
712 195
712 129
712 60
712 983
712 50
411 787
411 696
411 769
411 648
411 119
253 710
253 541
253 602
253 444
253 787
253 119
541 912
541 710
541 602
602 444
602 572
787 810
787 444
787 119
119 648
119 267
119 710
696 106
696 522
696 769
696 798
696 737
282 837
282 797
282 629
837 761
837 242
837 629
629 797
629 601
629 242
629 122
389 455
389 797
389 463
797 122
797 463
926 772
926 272
926 423
926 707
926 346
926 637
346 772
346 637
637 707
637 571
242 673
242 601
242 761
242 568
881 470
881 422
881 258
881 364
422 470
422 374
422 364
239 356
239 783
239 153
239 258
239 364
258 364
153 783
153 168
153 7
153 364
153 735
364 374
364 735
22 586
22 93
22 227
22 48
910 362
910 48
910 802
577 586
577 93
577 663
577 0
577 895
577 925
93 586
93 925
0 417
0 293
0 318
0 925
0 663
925 417
227 586
227 48
227 281
48 362
48 757
48 281
12 360
12 342
12 699
12 91
12 584
12 980
168 7
168 783
168 274
168 627
168 193
519 809
519 321
519 794
519 337
321 794
321 410
699 91
699 386
699 25
699 4
699 584
699 127
584 342
584 4
584 634
584 964
633 324
633 331
633 475
633 614
633 139
633 856
8 384
8 308
8 775
8 705
8 573
8 103
384 308
384 103
308 672
308 775
775 672
775 284
775 185
775 705
705 419
705 77
705 573
705 185
627 274
627 847
627 406
627 193
627 825
626 527
626 821
626 418
626 311
527 812
527 311
317 812
317 600
317 410
317 849
317 932
812 941
812 600
812 311
812 932
701 832
701 593
701 432
701 615
701 748
701 171
615 171
615 748
171 491
171 432
171 144
408 104
408 437
408 653
408 721
408 369
408 462
109 723
109 260
109 537
109 728
260 749
260 728
749 188
749 728
811 752
811 751
811 255
811 889
811 266
811 518
752 294
752 415
752 266
752 140
752 751
889 998
889 518
889 183
889 255
82 884
82 546
82 245
82 831
82 945
245 205
245 945
294 104
294 229
294 415
294 140
294 632
415 831
415 985
415 266
415 632
831 985
831 546
831 945
831 632
104 653
104 229
104 437
104 632
675 450
675 292
675 792
675 30
849 651
849 932
849 49
849 351
815 337
815 794
815 651
815 597
815 622
815 486
794 651
794 337
651 351
651 597
622 597
622 813
622 918
622 448
622 486
893 484
893 887
893 300
893 395
893 563
395 530
395 300
395 563
924 365
924 530
924 547
530 563
530 547
821 328
821 418
821 201
857 336
857 29
857 409
857 727
857 125
857 47
640 858
640 336
640 29
640 454
640 871
640 366
858 535
858 336
858 703
858 366
336 535
336 727
336 29
29 454
29 460
29 409
366 383
366 871
366 703
366 83
454 460
454 368
454 871
454 823
871 383
871 823
871 784
64 69
64 24
64 128
64 261
64 877
24 69
24 559
24 620
24 301
24 877
340 324
340 475
340 964
340 634
340 222
634 342
634 549
634 964
634 222
360 342
360 980
360 606
360 508
360 425
342 549
342 425
234 394
234 261
234 277
234 180
234 439
261 877
261 252
261 439
450 292
450 513
450 838
861 672
861 720
861 609
861 284
861 690
861 515
672 720
672 284
720 316
720 553
720 66
720 609
284 185
284 690
690 185
690 676
690 515
690 451
185 419
185 950
185 451
198 23
198 709
198 703
198 479
198 760
703 83
703 760
83 943
83 608
83 383
83 760
474 476
474 891
474 587
474 702
474 886
474 223
36 542
36 917
36 682
36 719
36 655
36 392
87 867
87 15
87 45
87 731
87 852
382 894
382 734
382 377
382 208
382 15
382 852
852 867
852 296
852 377
852 15
47 391
47 125
47 409
47 182
47 179
391 898
391 447
391 125
391 297
391 179
760 479
760 943
760 233
870 79
870 136
870 303
870 555
870 741
870 330
303 457
303 555
303 492
457 363
457 178
457 903
457 492
555 741
555 492
555 888
555 187
767 796
767 501
767 802
767 805
796 501
796 802
501 805
417 293
417 470
470 293
470 374
58 204
58 668
58 680
204 265
204 680
265 436
265 680
605 765
605 380
605 668
605 680
605 385
605 436
765 762
765 161
765 668
765 380
380 385
668 161
668 897
668 680
680 436
385 436
89 824
89 616
89 844
824 118
824 111
824 844
118 693
118 111
118 141
118 3
111 844
111 59
111 3
111 594
3 141
3 704
3 628
3 594
510 880
510 892
510 708
510 596
949 988
949 59
949 844
949 616
949 596
949 880
844 616
844 59
616 880
596 892
596 855
596 988
596 880
211 358
211 776
211 762
211 379
211 161
211 897
358 762
358 776
776 379
762 161
379 897
161 897
670 503
670 60
670 689
107 503
107 937
107 243
107 689
503 689
977 800
977 192
977 435
192 57
192 435
57 163
57 435
946 901
946 132
946 353
946 195
946 11
946 928
901 132
901 353
132 195
195 11
195 60
11 129
11 883
11 928
708 892
708 38
708 458
708 511
650 120
650 458
650 582
458 511
458 582
576 214
576 520
576 746
576 120
576 582
576 667
214 520
214 613
214 746
520 613
520 6
520 780
520 667
746 120
120 582
582 511
582 667
65 770
65 224
65 665
224 592
224 665
770 612
770 665
558 21
558 592
558 766
592 665
592 766
101 440
101 973
101 295
101 167
101 995
101 302
40 9
40 763
40 835
9 33
9 550
9 835
599 61
599 276
599 413
599 913
61 276
61 913
939 905
413 913
300 887
300 56
300 523
56 194
56 523
711 649
711 376
711 846
711 585
567 151
567 376
567 96
567 585
595 216
595 846
595 514
268 465
268 557
268 722
268 184
268 836
268 931
836 279
836 184
836 931
500 444
500 572
500 279
500 810
500 92
500 931
444 810
444 572
572 279
279 931
931 92
931 465
123 904
123 522
123 289
123 31
123 625
123 236
522 106
522 904
522 737
522 236
781 106
781 810
781 92
781 236
781 257
781 465
106 810
106 236
810 92
92 465
236 625
236 257
465 557
465 257
874 129
874 154
874 50
874 323
874 184
874 722
874 989
129 883
129 154
129 50
50 983
50 989
323 207
323 184
323 176
323 154
184 722
722 34
722 989
722 557
601 673
601 122
601 656
601 467
904 737
904 524
904 289
904 361
798 570
798 441
798 769
798 737
798 401
737 524
737 401
167 995
167 440
167 568
167 673
167 307
673 568
673 467
673 307
467 656
467 953
467 975
467 307
656 953
656 641
656 122
656 575
122 463
122 575
39 463
39 455
39 287
39 772
39 272
39 575
463 455
463 575
455 287
287 772
772 272
272 423
272 641
272 575
575 641
568 761
568 995
568 17
761 26
761 17
26 763
26 17
968 374
968 293
968 735
968 318
968 528
968 7
374 293
374 735
293 318
735 7
91 386
91 859
91 980
91 327
980 606
980 820
980 327
757 669
757 694
757 281
757 431
847 406
847 94
847 825
847 355
847 10
820 606
820 327
820 528
820 548
7 193
7 528
7 548
94 406
94 116
94 181
94 10
94 908
181 559
181 35
181 620
181 116
181 908
142 193
142 406
142 908
142 508
142 606
142 548
193 406
193 548
406 908
908 508
908 35
508 606
508 425
508 35
606 548
548 528
160 544
160 879
160 882
160 5
160 404
882 817
882 5
882 544
882 636
882 619
5 817
941 600
600 410
375 130
375 292
375 404
704 966
704 628
704 434
704 141
704 758
434 402
434 694
434 916
434 966
434 758
694 669
694 402
694 431
694 758
873 682
873 542
873 856
873 475
873 964
873 4
682 542
682 25
682 4
682 719
475 324
475 964
475 856
964 4
4 25
719 655
719 25
719 916
719 429
25 127
25 429
916 402
916 966
916 655
916 429
331 324
331 862
331 270
331 614
331 695
856 139
856 542
856 801
542 917
542 801
917 392
917 115
917 801
702 587
702 886
702 270
702 614
702 860
614 270
614 139
614 860
817 399
817 619
817 842
399 174
399 842
333 932
333 49
333 311
333 418
333 866
932 49
932 311
49 866
49 137
49 351
311 418
418 866
418 997
418 201
866 137
866 997
866 249
588 438
588 254
588 297
588 898
588 730
898 297
898 447
898 497
898 730
495 462
495 369
495 329
495 273
495 819
495 200
369 721
369 453
369 462
369 200
709 23
709 479
709 315
709 150
709 875
912 710
912 598
912 853
912 350
710 267
710 350
578 598
578 639
578 853
578 631
578 878
578 112
598 639
598 853
112 348
112 714
112 878
112 853
112 536
350 853
350 267
350 235
350 536
853 536
536 348
536 235
536 678
359 721
359 714
359 348
359 653
359 773
359 424
721 653
721 453
721 714
714 453
714 348
714 878
348 678
348 773
653 229
653 424
840 677
840 464
840 426
840 754
840 325
728 537
728 188
728 745
290 961
290 432
290 1
290 978
290 217
961 491
961 432
961 199
961 217
432 491
432 593
432 1
217 978
593 832
593 1
593 990
593 666
201 997
201 44
201 328
201 967
14 630
14 421
14 291
14 666
14 990
14 967
14 328
421 291
421 630
291 328
990 832
990 44
990 666
990 967
967 44
967 328
717 424
717 229
717 140
717 264
717 560
717 219
424 229
424 773
424 264
229 140
140 751
140 219
560 378
560 607
560 134
560 264
560 219
887 828
887 523
887 158
523 194
523 569
523 158
828 349
828 158
828 624
158 552
158 569
158 624
552 255
552 183
552 569
552 624
552 974
569 194
569 691
569 974
632 437
632 945
632 841
945 205
945 841
546 884
546 985
546 976
546 271
884 149
884 976
884 288
149 256
149 314
149 288
677 464
677 754
677 955
464 426
464 986
464 525
464 2
464 955
918 278
918 813
918 561
918 448
918 80
561 448
561 729
561 534
561 269
561 80
103 99
103 573
103 957
99 792
99 957
573 77
573 957
573 896
957 157
957 792
957 896
456 169
456 771
456 959
456 448
456 486
456 729
448 729
448 486
486 169
486 337
498 157
498 792
498 30
498 771
157 792
157 896
157 959
157 771
792 30
771 30
771 169
771 959
466 30
466 169
466 337
466 809
30 169
169 337
337 809
292 404
292 838
292 130
343 351
343 137
343 799
343 312
343 597
343 813
351 137
351 597
137 249
137 799
799 95
799 186
799 312
799 249
312 186
312 278
312 813
312 396
597 813
813 278
743 409
743 182
743 191
743 984
743 460
743 952
409 460
409 182
460 368
460 952
166 784
166 686
166 823
166 164
166 100
166 394
823 368
823 164
823 784
100 394
100 128
100 403
100 686
394 277
394 164
686 403
686 736
686 784
686 992
784 383
784 992
383 608
383 992
425 549
425 35
425 478
35 559
35 478
559 620
559 877
559 478
164 368
164 277
164 283
368 952
368 283
439 180
439 252
439 862
439 644
862 324
862 180
862 695
862 644
324 222
324 644
621 756
621 373
621 544
621 404
621 130
621 879
544 373
544 636
544 879
404 879
404 130
756 43
756 373
756 130
756 390
130 838
130 390
540 301
540 865
540 759
540 620
540 116
540 68
620 301
620 116
116 10
116 68
759 865
759 554
759 203
759 68
759 420
636 373
636 619
636 808
636 502
373 43
373 502
43 390
43 420
43 203
43 502
865 554
865 543
865 301
865 947
301 69
301 947
609 66
609 543
609 515
609 818
515 676
515 231
515 818
543 554
543 66
543 947
543 818
676 231
676 736
676 451
676 993
992 736
992 608
992 993
736 231
736 403
736 993
213 943
213 608
213 993
213 451
213 950
213 414
943 608
943 233
943 414
608 993
993 451
451 950
296 476
296 891
296 377
296 867
296 969
867 822
867 969
628 966
628 594
628 97
628 755
655 966
655 392
655 755
966 755
251 97
251 136
251 79
251 755
251 392
251 115
79 136
79 115
755 97
755 392
392 115
115 412
115 801
894 734
894 903
894 208
894 28
894 469
903 734
903 178
903 492
903 469
182 179
182 191
182 506
414 233
414 259
414 950
414 472
419 77
419 950
419 778
419 472
950 472
479 315
479 233
479 334
233 259
233 334
789 587
789 891
789 178
789 734
789 244
789 377
587 891
587 860
587 244
891 476
891 377
178 363
178 734
178 244
734 377
892 38
892 855
892 532
855 330
855 741
855 988
855 532
741 330
741 187
741 532
15 45
15 208
15 173
341 55
341 207
341 485
341 173
341 45
341 731
341 117
207 485
207 176
207 55
485 117
45 731
45 173
731 117
76 988
76 59
76 594
76 330
76 136
76 97
988 330
988 59
59 594
594 97
330 136
136 97
54 689
54 60
54 983
54 994
54 243
689 60
689 243
60 983
21 800
21 766
21 716
800 435
800 716
435 163
435 716
135 766
135 665
135 803
135 612
135 163
135 716
766 665
766 716
665 612
803 163
803 612
163 716
243 937
243 994
243 902
937 963
937 148
937 902
902 732
902 994
902 148
902 155
307 440
307 975
307 225
975 953
975 361
975 289
975 225
289 31
289 361
289 225
295 973
295 302
295 155
295 148
295 611
148 963
148 155
148 611
550 33
550 835
550 442
33 610
33 442
194 691
194 2
194 105
691 974
691 105
563 484
563 547
563 240
53 585
53 846
53 514
53 96
53 484
53 240
585 376
585 846
585 96
846 514
96 484
484 240
468 814
468 707
468 571
468 570
468 401
707 571
707 423
707 814
401 570
401 524
401 814
247 423
247 641
247 814
247 524
247 953
247 361
423 641
423 814
641 953
814 524
524 361
953 361
376 151
376 649
376 461
649 571
649 226
649 461
763 835
763 17
763 405
17 995
17 405
995 302
995 405
660 859
660 663
660 327
660 318
660 528
859 663
859 895
859 386
859 327
859 618
663 318
663 895
327 528
318 528
281 586
281 431
281 81
586 895
586 81
895 618
895 81
791 431
791 402
791 429
791 81
791 618
791 127
791 386
431 402
431 81
402 429
429 127
81 618
618 386
127 386
659 10
659 355
659 808
659 203
659 68
659 502
10 68
10 355
203 68
203 420
203 502
502 808
623 758
623 669
623 141
623 693
623 230
623 362
758 141
758 669
669 230
141 693
693 362
230 362
344 801
344 139
344 860
344 363
344 412
344 244
801 139
801 412
139 860
860 244
363 412
363 244
619 808
619 842
619 850
355 825
355 808
355 850
808 850
825 274
825 850
825 275
842 174
842 850
842 275
850 275
725 249
725 997
725 44
725 95
725 748
725 832
249 95
249 997
997 44
44 832
95 186
95 748
748 832
138 535
138 23
138 920
138 480
535 727
535 480
447 125
447 497
447 664
480 920
480 700
480 727
480 664
727 125
727 664
125 664
254 639
254 730
254 872
639 631
639 872
730 497
730 872
730 121
453 878
453 200
453 428
878 631
878 428
200 329
200 428
200 172
144 189
144 491
144 190
144 750
491 199
491 750
189 726
189 449
189 190
189 864
329 273
329 172
329 970
329 416
726 449
726 875
726 150
726 864
726 332
449 186
449 332
186 396
186 332
354 745
354 188
354 564
354 426
188 426
188 745
388 666
388 1
388 256
388 723
388 630
388 978
666 1
666 630
1 978
256 314
256 723
256 978
723 630
942 624
942 255
942 219
942 751
942 349
942 607
624 255
624 349
255 183
255 751
219 607
219 751
349 607
607 378
806 974
806 183
806 998
806 105
806 2
806 525
806 986
974 183
974 105
183 998
998 518
998 617
998 525
105 2
2 986
525 986
525 617
525 955
829 819
829 462
829 437
829 841
829 205
829 228
819 462
819 273
819 496
819 228
462 437
437 841
841 205
205 228
228 496
955 754
955 617
955 692
754 325
754 74
754 692
314 537
314 288
314 209
537 745
537 209
74 325
74 271
74 976
74 692
74 583
976 271
976 288
976 583
288 209
288 583
487 534
487 269
487 334
487 259
487 778
487 472
259 472
259 334
472 778
269 534
269 80
269 334
269 110
334 315
334 110
658 534
658 729
658 959
658 896
658 77
658 778
534 729
534 778
729 959
959 896
896 77
77 778
777 222
777 549
777 478
777 644
777 252
777 877
222 549
222 644
549 478
478 877
644 252
252 877
277 180
277 283
277 551
180 695
180 551
838 513
838 390
838 744
513 316
513 744
316 553
316 744
505 420
505 390
505 66
505 553
505 554
505 744
420 554
420 390
390 744
66 554
66 553
553 744
661 818
661 947
661 128
661 69
661 403
661 231
818 231
818 947
947 69
128 69
128 403
403 231
215 400
215 984
215 223
215 191
215 713
476 223
476 969
476 713
223 400
223 886
223 713
147 492
147 888
147 469
147 785
147 890
147 545
492 888
492 469
888 187
888 785
469 28
469 890
890 930
890 545
890 28
890 562
786 398
786 75
786 506
786 179
786 438
786 297
75 438
75 398
179 297
179 506
438 297
545 930
545 70
545 785
545 779
532 38
532 187
532 999
187 785
187 999
785 779
785 999
257 557
257 625
257 683
557 34
557 683
90 20
90 732
90 983
90 989
90 34
90 994
983 989
983 994
989 34
34 683
34 20
994 732
732 155
732 20
732 250
155 973
155 250
302 611
302 405
302 590
405 835
405 590
835 442
835 590
494 240
494 547
494 365
494 514
494 216
494 972
240 547
240 514
547 365
365 972
514 216
216 972
143 531
143 226
143 570
143 571
143 441
226 571
226 531
226 98
226 461
570 441
570 571
441 769
441 531
441 326
769 648
769 326
62 378
62 151
62 461
62 98
62 134
62 170
378 151
378 134
151 461
461 98
556 134
556 264
556 170
556 773
556 678
556 430
134 264
134 170
264 773
773 678
678 430
678 235
170 98
170 430
170 335
531 98
531 326
531 335
98 335
306 274
306 783
306 275
306 174
306 356
274 783
274 275
783 356
275 174
174 356
875 150
875 23
875 864
875 352
23 920
23 352
864 190
864 580
864 352
839 664
839 497
839 700
839 826
839 298
839 121
664 497
664 700
497 121
915 872
915 631
915 121
915 428
915 172
915 298
872 631
872 121
631 428
121 298
428 172
172 970
172 298
298 826
298 970
190 750
190 580
190 309
241 271
241 985
241 692
241 617
241 266
241 518
271 985
271 692
985 266
692 617
617 518
266 518
347 583
347 209
347 745
347 564
347 325
347 426
583 325
583 209
209 745
745 564
564 426
325 426
315 150
315 110
315 685
150 332
150 685
869 80
869 278
869 110
869 685
869 396
869 332
80 278
80 110
278 396
110 685
685 332
396 332
695 270
695 551
695 322
886 270
886 400
886 322
270 322
923 551
923 283
923 952
923 984
923 322
923 400
551 283
551 322
283 952
952 984
984 400
984 191
322 400
574 506
574 191
574 713
574 398
574 969
574 822
506 191
506 398
191 713
713 969
398 822
969 822
427 562
427 28
427 208
427 173
427 55
427 971
28 208
28 562
208 173
173 55
55 176
55 971
176 971
176 154
176 921
883 154
883 928
883 991
883 921
154 921
70 780
70 6
70 930
70 779
70 936
907 991
907 928
907 6
907 613
907 936
907 353
928 353
928 991
6 613
6 780
6 936
613 353
433 779
433 780
433 667
433 511
433 999
433 38
779 780
779 999
780 667
667 511
511 38
999 38
683 20
683 625
683 927
20 250
20 927
625 31
625 927
220 225
220 31
220 927
220 250
220 440
220 973
225 440
225 31
31 927
927 250
250 973
440 973
782 590
782 611
782 489
782 610
782 442
782 963
590 611
590 442
611 963
489 610
489 963
610 442
218 430
218 235
218 267
218 335
218 326
218 648
430 235
430 335
235 267
267 648
335 326
326 648
960 309
960 750
960 416
960 199
960 496
960 273
750 199
750 309
199 496
496 273
273 416
352 920
352 580
352 320
920 700
920 320
700 826
700 320
671 416
671 970
671 309
671 826
671 320
671 580
416 970
416 309
970 826
309 580
826 320
320 580
906 921
906 971
906 991
906 562
906 936
906 930
921 971
921 991
971 562
991 936
562 930
936 930
