2909 0
281 81
281 586
281 48
281 925
281 22
281 227
827 642
827 876
827 635
827 152
642 876
642 635
642 504
210 65
210 770
210 592
133 939
133 224
133 954
370 156
370 196
370 526
370 162
22 93
22 925
22 586
22 577
93 925
93 0
93 895
93 577
586 81
586 386
586 577
635 152
635 504
635 304
635 910
304 504
304 372
304 910
304 18
504 372
504 876
504 824
504 89
628 251
628 79
628 136
628 966
628 97
136 79
136 97
136 76
136 855
136 532
873 702
873 344
873 139
873 856
873 542
481 517
481 299
481 21
481 768
481 716
481 766
299 71
299 638
299 565
299 517
299 21
21 565
21 665
21 766
766 665
766 135
766 716
766 979
526 156
526 162
526 951
526 202
530 563
530 893
530 395
530 285
530 740
530 924
484 547
484 240
484 365
484 563
484 96
484 67
96 240
96 67
96 567
96 53
313 935
313 131
313 795
313 310
313 591
795 389
795 131
795 591
795 797
795 804
40 550
40 263
40 9
40 652
797 591
797 282
797 804
797 629
797 837
405 995
405 763
405 782
405 590
405 611
405 835
405 302
145 86
145 286
145 688
145 445
145 262
113 688
113 770
113 803
113 57
708 511
708 452
708 650
708 965
708 892
375 292
375 404
375 130
375 390
817 399
817 851
817 900
817 882
817 619
817 842
157 896
157 957
157 792
157 498
157 771
157 959
166 403
166 164
166 823
166 231
166 686
636 619
636 850
636 882
636 544
636 621
636 373
756 744
756 390
756 130
756 621
756 420
756 373
955 464
955 692
955 986
156 196
156 46
156 533
718 948
718 32
718 61
718 276
276 913
276 599
276 61
599 413
599 913
194 56
194 300
194 525
194 691
221 935
221 131
221 206
221 413
935 131
131 389
131 206
413 913
413 206
915 631
915 428
915 678
915 235
915 578
80 622
80 561
80 269
80 278
80 396
80 813
137 49
137 317
137 597
137 651
137 918
137 622
137 561
49 317
49 812
49 932
49 351
49 651
622 813
622 918
622 561
561 269
561 448
561 815
561 651
626 597
626 317
626 539
626 333
626 418
626 201
597 333
597 918
597 317
317 812
317 539
539 812
539 311
539 201
918 813
918 333
918 343
333 418
333 343
333 866
866 343
866 186
866 418
866 249
866 799
579 654
579 438
579 786
579 867
579 822
867 822
867 296
867 654
867 165
867 124
822 296
822 398
822 786
822 506
422 470
422 881
422 364
422 374
364 168
364 153
364 783
364 239
364 881
364 374
851 399
851 900
851 488
982 258
982 239
982 356
982 507
258 239
258 881
239 881
239 783
239 356
417 968
417 925
417 293
417 470
470 374
470 293
318 968
318 925
318 0
318 895
318 660
318 663
925 0
925 968
0 895
660 968
660 548
660 528
660 663
215 743
215 283
215 400
215 270
215 614
400 923
400 283
400 614
400 695
476 474
476 789
476 713
476 969
476 852
476 891
476 15
476 702
891 702
891 344
891 852
891 377
891 587
702 344
702 139
702 789
397 261
397 64
397 439
397 862
397 128
397 69
340 475
340 139
340 856
340 777
340 644
340 222
614 270
614 695
614 331
614 633
139 789
139 856
139 475
139 886
261 64
261 439
261 644
261 252
261 877
159 214
159 613
159 768
159 517
159 477
159 746
517 638
517 768
517 746
796 802
796 767
796 919
796 338
796 493
753 18
753 919
753 493
753 914
753 922
753 372
493 914
493 265
493 232
493 919
493 338
914 922
914 443
914 962
914 265
372 18
372 89
372 922
237 910
237 834
237 18
237 919
910 18
18 919
919 802
919 834
152 48
152 118
152 693
152 876
152 362
693 118
693 3
693 362
949 844
949 704
949 594
949 596
949 880
949 97
949 76
97 966
97 594
97 76
860 303
860 492
860 244
860 587
860 457
860 377
303 529
303 457
303 870
303 492
587 344
587 377
587 801
587 457
457 529
457 801
457 115
845 371
845 443
845 473
845 922
845 89
371 473
371 965
371 650
371 146
371 443
443 922
443 146
443 962
922 89
89 824
89 616
89 473
965 473
965 650
965 892
965 367
880 616
880 844
880 473
880 596
880 367
473 616
473 367
510 76
510 855
510 596
510 38
510 892
510 367
76 855
76 596
855 532
855 38
596 367
892 511
892 38
892 367
966 251
966 594
966 655
966 916
988 529
988 79
988 870
988 532
988 330
79 529
79 251
79 532
870 529
870 330
870 741
870 492
222 425
222 777
222 644
222 252
222 35
252 644
252 877
252 35
877 142
877 478
877 64
877 908
877 35
251 529
251 655
251 392
529 115
529 392
777 425
777 856
777 634
856 542
856 634
115 801
115 392
115 412
115 363
801 344
801 363
344 542
344 363
558 592
558 135
558 665
558 954
558 65
558 224
665 135
665 954
665 565
954 224
954 939
954 565
65 224
65 770
65 592
224 770
196 162
196 42
196 46
196 972
707 361
707 975
707 247
707 814
707 468
707 637
490 202
490 951
490 387
490 981
490 162
490 108
202 951
202 162
162 42
162 108
913 206
913 61
913 280
389 463
389 39
389 206
389 804
389 280
206 280
61 32
61 280
61 788
175 924
175 365
175 319
175 46
175 533
365 547
365 563
365 46
365 924
46 547
46 533
46 972
646 924
646 740
646 319
646 285
646 56
646 533
924 563
924 740
924 319
740 285
319 533
285 395
285 56
56 300
56 395
56 533
563 893
563 67
563 581
67 567
67 581
567 376
567 566
567 53
567 581
567 711
807 263
807 282
807 591
807 310
263 652
263 282
282 591
282 652
282 837
591 310
501 338
501 767
501 805
501 204
338 767
338 232
338 204
662 843
662 805
662 538
805 538
805 204
805 843
995 17
995 568
995 763
995 302
995 167
302 611
302 167
302 307
302 440
26 652
26 9
26 550
26 17
26 761
26 33
26 763
652 9
652 837
652 761
9 550
550 33
17 761
17 568
17 763
763 835
763 33
782 611
782 295
782 590
782 963
590 835
590 610
590 286
590 442
590 963
286 86
286 610
286 262
286 442
286 958
445 688
445 262
445 868
688 770
688 86
688 803
688 868
905 939
905 681
905 471
565 71
565 939
565 471
939 471
379 776
379 238
379 211
962 146
962 265
962 385
265 232
265 436
265 385
385 436
385 668
385 146
385 765
385 380
380 765
380 603
380 146
380 120
650 146
650 452
650 120
146 120
63 603
63 214
63 576
63 582
63 120
63 452
120 603
120 452
452 511
452 667
452 582
794 679
794 337
794 486
794 815
794 351
794 651
815 448
815 486
815 651
651 351
30 498
30 771
30 466
30 169
466 169
466 337
466 498
466 809
337 679
337 486
337 169
337 809
519 679
519 321
519 809
351 932
351 679
351 849
679 321
679 809
679 849
849 932
849 321
849 410
321 809
321 410
809 498
809 410
527 941
527 793
527 600
527 311
527 812
527 932
941 482
941 793
941 600
812 932
812 311
932 410
932 600
357 260
357 940
357 698
900 882
900 5
882 619
882 5
882 544
882 160
5 160
759 554
759 865
759 203
759 505
759 553
505 420
505 744
505 203
505 553
505 316
842 619
842 399
842 174
842 275
842 825
573 896
573 957
573 77
573 103
573 212
573 8
896 957
896 959
896 658
896 77
150 23
150 315
150 198
150 233
150 479
684 8
684 212
684 672
684 19
684 308
684 553
8 77
8 705
8 672
8 212
212 384
212 103
212 19
672 705
672 720
672 66
672 308
308 553
308 554
308 66
553 554
553 316
553 19
451 950
451 414
451 284
451 676
451 690
403 686
403 661
403 164
403 818
403 277
728 188
728 745
728 749
728 537
728 109
728 940
728 260
188 354
188 745
188 749
749 940
109 260
109 816
109 645
109 537
940 260
410 600
830 792
830 498
830 384
830 103
830 197
830 675
498 792
498 771
498 675
742 339
742 85
742 697
793 482
793 311
793 715
73 407
73 956
73 715
73 311
73 821
311 201
311 715
311 821
821 407
821 630
821 201
821 14
201 418
201 14
956 407
956 697
956 41
956 85
956 715
956 328
209 314
209 288
209 347
209 745
209 537
314 256
314 149
314 288
314 645
314 537
288 325
288 583
288 149
288 347
288 976
745 354
745 347
745 537
537 645
840 426
840 325
840 74
840 677
840 464
325 583
325 347
325 426
325 74
677 464
677 754
677 74
464 754
464 692
564 347
564 354
564 426
347 354
347 426
556 631
556 428
556 112
556 348
556 359
556 878
395 300
395 893
395 887
300 552
300 523
300 691
300 887
376 566
376 711
376 98
376 151
218 536
218 350
218 648
218 578
218 235
235 678
235 578
235 536
235 848
235 853
172 970
172 329
172 369
172 309
172 416
172 495
309 970
309 671
309 580
309 416
309 960
246 388
246 256
246 1
246 393
246 978
44 701
44 432
44 978
44 990
44 615
44 832
701 432
701 647
701 290
701 615
978 1
978 990
978 393
978 432
832 967
832 725
832 990
832 748
832 615
615 290
615 748
615 217
615 496
588 654
588 438
588 898
588 738
588 126
654 165
654 438
654 126
739 912
739 863
739 833
739 738
739 126
334 278
334 110
334 259
334 869
334 315
334 233
334 396
278 269
278 110
278 396
233 83
233 259
233 315
233 479
144 189
144 706
144 491
144 190
144 920
396 813
396 869
396 312
813 343
813 312
343 186
343 312
735 968
735 293
735 374
735 548
735 153
968 548
968 293
293 374
374 153
548 7
548 153
548 528
153 168
153 7
306 275
306 274
306 627
306 356
306 174
306 783
275 274
275 355
275 174
275 825
356 174
356 507
356 783
783 168
783 627
627 168
627 274
627 94
274 355
274 847
274 94
24 301
24 620
24 559
24 69
24 64
24 94
559 847
559 620
559 94
64 69
64 478
64 94
899 488
899 399
899 174
899 507
488 399
399 174
174 507
767 802
802 834
606 528
606 193
606 820
606 908
606 142
528 7
528 193
528 663
528 820
908 820
908 360
908 142
908 35
142 193
142 478
984 743
984 283
984 474
984 191
984 409
984 460
984 952
283 923
283 743
283 871
283 952
460 858
460 409
460 640
460 952
858 398
858 409
858 506
858 640
858 47
368 695
368 923
368 784
368 823
368 164
923 871
923 695
923 383
923 784
180 322
180 164
180 695
180 331
180 551
164 823
164 277
164 322
164 695
695 331
969 713
969 15
969 574
182 398
182 409
182 296
182 191
182 713
182 574
398 296
398 409
398 506
409 191
191 474
191 713
713 474
713 574
731 117
731 485
731 459
731 124
731 87
574 15
574 296
574 87
124 165
124 296
124 459
124 87
296 87
324 862
324 331
324 633
324 475
324 439
324 644
862 331
862 551
862 439
862 128
331 551
331 633
633 270
633 886
633 475
475 644
475 886
439 644
223 474
223 789
223 886
223 743
223 270
474 743
474 789
789 886
886 270
743 270
716 768
716 979
716 977
716 800
84 477
84 768
84 800
84 901
84 946
84 353
477 6
477 613
477 768
477 353
768 800
800 977
800 901
901 132
901 977
901 928
901 946
582 667
582 780
582 576
582 520
576 214
576 613
576 520
613 214
613 6
613 520
680 232
680 436
680 58
680 483
680 204
680 538
232 436
232 204
436 58
436 668
204 538
512 230
512 669
512 757
512 48
512 362
230 623
230 669
230 362
362 48
362 3
362 623
227 81
227 48
227 431
48 757
48 431
81 386
81 618
81 431
623 669
623 3
623 758
623 141
3 118
3 59
3 141
111 59
111 844
111 616
111 824
111 876
111 118
59 118
59 844
59 704
59 141
844 704
844 616
616 824
824 876
876 118
154 90
154 50
154 176
154 712
154 921
532 38
532 330
532 999
330 741
330 187
330 999
980 820
980 327
980 12
980 342
980 360
820 663
820 327
820 360
12 342
12 699
12 91
12 327
859 663
859 895
859 577
859 91
859 327
663 327
663 895
895 577
577 386
577 91
327 91
392 412
392 655
392 755
508 35
508 360
508 425
508 549
508 342
35 425
35 360
360 342
425 549
425 964
425 634
549 964
549 342
549 584
549 682
342 584
342 699
127 91
127 699
127 25
127 386
127 618
91 699
91 386
699 4
699 584
699 25
386 618
618 431
618 791
618 25
917 363
917 412
917 755
917 964
917 634
917 542
363 412
363 542
412 755
964 682
964 634
964 755
634 542
979 977
979 135
979 163
979 747
977 132
977 52
977 747
494 972
494 547
494 240
494 216
494 78
972 42
972 547
972 78
547 240
514 53
514 240
514 226
514 846
514 595
240 53
240 216
240 595
78 42
78 216
78 933
108 981
108 944
108 42
108 516
108 933
42 933
248 287
248 944
248 516
248 272
248 13
248 772
926 13
926 521
926 637
926 468
926 641
926 772
13 516
13 346
13 521
13 772
521 468
521 571
521 604
521 346
468 814
468 571
468 637
804 463
804 629
804 122
656 467
656 601
656 575
656 247
656 641
656 637
467 673
467 601
467 953
467 247
467 307
247 953
247 975
247 637
637 641
423 463
423 39
423 272
423 122
423 575
423 772
423 641
463 39
463 122
122 575
122 601
122 629
575 601
575 641
772 272
772 641
938 948
938 951
938 387
948 32
948 951
948 387
951 387
37 387
37 32
37 788
37 981
37 287
37 944
387 32
387 981
32 788
981 944
944 287
944 516
455 280
455 39
455 788
455 272
455 287
280 39
280 788
39 272
788 287
272 287
461 711
461 53
461 226
461 585
461 441
461 62
461 98
711 98
711 53
53 226
226 846
226 570
226 585
585 143
585 441
585 570
242 837
242 629
242 601
242 167
242 568
242 673
242 761
837 629
837 761
629 601
601 673
167 568
167 307
167 673
568 761
673 307
611 295
611 440
611 101
101 440
101 295
101 973
101 927
132 52
132 928
132 883
132 195
987 33
987 86
987 929
987 442
987 835
33 86
33 835
33 929
86 770
86 442
929 835
442 835
610 963
610 958
610 489
262 958
262 868
262 102
803 57
803 88
803 868
803 102
868 102
681 643
681 471
681 358
643 776
643 358
471 71
471 358
776 211
776 774
776 358
238 843
238 211
238 897
843 538
843 897
538 483
538 897
668 58
668 765
668 909
668 605
161 211
161 774
161 605
161 58
161 897
161 483
211 774
211 897
58 483
58 605
897 483
911 746
911 214
911 51
911 603
911 909
911 765
746 214
746 638
746 51
214 603
603 765
765 909
99 792
99 957
99 197
99 103
792 957
792 197
957 103
197 103
103 384
456 486
456 729
456 169
456 959
456 771
486 729
486 448
486 169
169 771
959 729
959 658
959 771
879 160
879 544
879 130
879 404
879 621
160 544
544 621
130 390
130 621
130 404
621 373
698 260
698 446
698 16
260 816
260 16
993 479
993 943
993 83
993 992
993 676
993 414
479 198
479 943
479 83
83 414
83 213
83 259
414 950
414 213
414 676
77 658
77 705
77 775
658 729
658 778
658 775
729 448
729 778
729 534
448 269
448 534
185 284
185 950
185 720
185 705
185 861
185 775
284 950
284 690
284 515
284 861
950 213
950 419
950 775
720 705
720 66
720 861
705 775
775 778
775 419
861 66
861 515
861 609
515 690
515 686
515 231
515 609
686 661
686 231
686 609
818 540
818 661
818 277
818 394
100 116
100 540
100 947
100 301
100 394
301 620
301 69
301 947
301 394
825 619
825 355
825 808
619 850
619 808
68 865
68 540
68 116
68 203
68 659
116 540
116 947
116 10
116 659
723 388
723 256
723 645
723 421
723 816
723 509
388 256
388 1
388 666
388 421
256 149
256 645
256 393
645 816
816 16
816 509
19 384
19 316
19 513
384 675
384 513
345 715
345 482
345 41
715 41
715 482
482 600
41 697
292 390
292 450
697 85
675 513
675 177
149 976
149 393
149 884
593 14
593 967
593 666
593 1
593 630
593 990
1 666
1 990
990 967
997 967
997 725
997 14
997 249
997 418
967 725
967 14
14 630
14 418
418 249
291 328
291 407
291 666
291 630
291 421
291 733
328 407
328 85
328 733
407 630
666 421
666 630
421 509
421 733
754 692
754 271
754 74
754 546
583 74
583 976
583 82
583 546
74 546
976 82
976 884
976 245
428 872
428 678
428 631
428 878
428 298
691 569
691 523
691 105
691 525
691 2
692 271
692 986
692 617
986 525
986 617
134 62
134 98
134 170
134 264
134 560
134 607
98 62
98 151
98 607
104 294
104 408
104 140
104 229
104 721
104 717
348 112
348 359
348 264
348 714
348 424
264 112
264 170
264 560
264 424
492 555
492 741
492 903
492 244
492 178
441 143
441 62
441 531
62 170
62 531
798 267
798 737
798 401
798 570
798 326
267 737
267 648
267 350
267 769
267 326
267 411
350 648
350 536
350 787
350 411
649 401
649 570
649 846
649 814
649 571
649 604
401 570
401 737
401 524
401 814
570 143
570 846
570 326
846 595
846 604
814 571
814 361
814 524
571 604
604 346
604 595
710 602
710 541
710 787
710 848
710 536
602 912
602 863
602 848
602 572
602 541
787 536
787 541
787 119
787 411
848 536
848 912
848 853
639 738
639 598
639 912
639 853
639 678
639 872
639 839
738 912
738 898
738 598
738 126
912 863
912 853
853 678
678 872
872 298
872 839
989 500
989 92
989 557
989 50
989 722
989 931
989 34
34 931
34 268
34 92
34 279
790 459
790 854
790 72
790 165
790 126
790 833
459 117
459 854
459 165
854 934
854 836
854 117
854 72
854 589
165 126
126 833
953 975
953 307
953 225
975 361
975 289
975 225
524 361
524 737
524 904
361 289
361 904
737 769
737 904
495 369
495 829
495 416
495 819
416 960
416 819
829 369
829 462
829 841
829 496
829 290
829 228
829 819
750 491
750 273
750 960
750 190
750 700
750 580
960 580
960 819
960 273
95 687
95 171
95 799
95 748
95 725
95 249
748 725
748 217
748 171
725 249
249 799
727 920
727 480
727 125
727 664
727 700
727 190
920 190
920 189
920 352
920 480
190 491
190 700
315 23
315 869
315 875
706 189
706 491
706 961
706 687
706 726
189 685
189 864
189 352
189 726
799 186
799 687
799 449
687 961
687 171
687 726
687 449
332 312
332 869
332 875
332 685
332 186
332 449
332 726
312 869
312 186
869 875
875 685
875 864
875 23
685 864
685 726
186 449
449 726
181 847
181 620
181 947
181 10
181 355
847 620
847 355
847 94
620 947
947 10
355 808
355 10
406 7
406 168
406 94
406 193
406 478
7 168
7 193
168 94
94 478
193 478
952 871
952 640
952 454
640 47
640 29
640 454
23 198
23 864
23 709
864 352
864 709
29 47
29 857
29 366
29 454
29 391
431 757
431 791
431 694
757 669
757 694
669 758
669 694
429 25
429 719
429 791
429 916
429 402
429 694
25 4
25 719
25 791
791 694
916 655
916 594
916 402
916 719
694 758
694 402
434 141
434 704
434 758
434 594
434 402
141 704
141 758
704 594
758 402
594 402
55 207
55 176
55 921
55 971
55 991
55 906
921 176
921 712
921 129
921 906
906 129
906 883
906 928
906 991
458 38
458 511
458 999
458 667
458 433
38 511
38 999
511 667
999 187
999 433
667 780
667 433
36 755
36 655
36 682
36 719
36 4
36 584
755 682
755 655
655 719
682 584
719 4
4 584
928 883
928 946
928 991
928 907
946 353
946 907
612 435
612 57
612 163
612 592
612 770
612 135
57 770
57 88
57 435
592 770
592 135
135 163
114 747
114 163
114 435
114 192
114 689
114 52
747 163
747 52
163 435
435 88
435 192
52 195
52 689
499 595
499 216
499 346
499 933
499 516
595 216
595 346
216 933
346 516
933 516
973 148
973 295
973 902
973 250
973 927
973 683
689 195
689 60
689 192
689 27
963 295
963 489
963 937
295 148
295 937
489 958
489 657
489 503
489 937
381 958
381 657
381 102
381 27
381 192
381 88
381 503
958 657
958 102
657 503
102 88
27 192
27 60
27 670
27 503
192 88
358 774
358 71
358 674
71 638
71 674
305 446
305 339
305 16
305 85
305 733
305 509
446 339
446 16
339 85
16 509
85 733
733 509
736 992
736 676
736 823
736 231
736 784
736 690
676 690
676 992
823 231
823 784
231 690
269 110
269 534
269 487
534 778
534 487
778 419
778 487
543 66
543 554
543 609
543 865
543 661
543 540
66 554
66 609
554 865
609 661
865 540
865 203
661 540
540 394
234 394
234 277
234 322
234 551
234 128
234 69
394 277
394 69
277 322
322 551
551 128
128 69
203 420
203 659
203 43
420 744
420 373
420 43
502 808
502 10
502 659
502 850
502 43
502 373
808 10
808 850
10 659
659 43
850 373
43 373
838 450
838 177
838 513
838 390
838 316
838 744
450 390
450 177
177 513
513 316
390 744
316 744
724 885
724 647
724 432
724 245
724 884
724 393
432 647
432 393
884 393
884 245
245 82
245 885
245 831
82 546
82 831
885 945
885 415
885 647
885 831
546 271
546 831
290 647
290 496
290 228
290 205
647 945
647 205
228 841
228 205
438 75
438 786
438 898
438 730
700 580
700 664
700 320
580 671
580 320
671 970
671 826
671 497
671 320
453 298
453 970
453 878
453 359
453 329
453 714
298 970
298 826
298 839
298 878
970 826
970 329
878 359
359 714
200 721
200 653
200 369
200 329
200 462
200 714
721 462
721 408
721 717
721 653
369 462
369 329
329 714
462 841
462 408
714 424
714 653
985 266
985 415
985 831
985 271
985 241
415 945
415 632
415 294
415 266
415 831
831 271
271 617
271 241
294 408
294 632
294 140
294 266
294 752
151 566
151 607
151 942
151 349
607 942
607 560
607 378
852 377
852 15
852 45
15 87
15 45
87 485
87 45
485 117
485 45
485 173
117 589
117 173
268 934
268 836
268 931
268 279
268 323
836 934
836 589
836 323
589 341
589 382
589 173
589 323
170 112
170 531
170 430
112 631
112 430
631 578
631 430
335 326
335 648
335 430
335 531
335 143
335 578
326 648
326 143
648 578
430 531
430 578
531 143
176 50
176 207
176 874
50 90
50 557
50 722
50 874
207 562
207 427
207 971
207 874
444 279
444 934
444 572
444 863
444 72
444 833
934 72
934 279
863 833
863 572
72 833
810 279
810 92
810 253
810 541
810 572
810 996
279 92
279 572
92 500
92 996
253 106
253 996
253 541
253 119
541 119
541 572
996 500
996 106
996 781
996 257
225 289
225 307
225 31
225 220
307 440
307 220
440 927
440 220
289 904
289 31
289 123
712 90
712 129
712 983
712 243
199 217
199 171
199 961
199 496
199 491
199 273
199 819
217 171
217 496
171 961
961 491
496 819
491 273
273 819
871 383
871 454
871 703
454 366
454 703
198 943
198 760
198 709
198 764
366 857
366 703
366 760
366 764
535 709
535 352
535 480
535 138
535 857
535 764
709 352
709 764
352 480
480 125
480 138
857 391
857 138
857 764
764 760
786 75
786 297
786 506
786 179
506 47
506 179
47 391
47 179
336 391
336 138
336 447
336 297
336 179
336 125
391 138
391 179
138 125
297 75
297 447
297 179
125 447
125 664
562 427
562 971
562 28
562 890
562 545
555 741
555 903
555 469
555 888
741 187
741 888
894 178
894 903
894 382
894 469
894 28
894 208
903 178
903 469
382 341
382 173
382 178
382 208
28 427
28 890
28 469
28 208
520 780
520 6
520 70
520 936
6 353
6 936
353 907
353 936
250 902
250 683
250 155
250 20
11 54
11 60
11 983
11 195
11 129
11 883
60 195
60 670
60 54
983 129
983 54
983 902
983 243
195 883
129 883
107 503
107 670
107 937
107 148
107 54
107 902
503 670
503 937
670 54
937 148
148 902
54 902
902 243
902 155
762 51
762 909
762 605
762 638
762 674
762 774
51 638
51 909
909 605
605 774
638 674
674 774
472 487
472 110
472 259
472 213
472 419
487 110
487 419
110 259
259 213
213 419
437 205
437 945
437 841
437 632
437 408
205 945
205 841
945 632
841 408
632 408
254 730
254 898
254 497
254 598
254 839
254 826
898 598
898 730
598 839
839 826
826 497
121 730
121 497
121 320
121 664
121 447
121 75
730 75
730 497
497 320
320 664
664 447
447 75
140 229
140 752
140 751
266 241
266 752
266 518
828 349
828 566
828 887
828 581
828 893
349 158
349 624
349 566
349 887
349 942
566 581
887 552
887 893
887 158
581 893
219 624
219 942
219 378
219 717
219 255
219 229
942 624
942 378
229 717
229 751
229 255
773 378
773 717
773 653
773 424
773 560
378 560
378 717
717 653
653 424
424 560
734 173
734 178
734 45
734 244
734 377
173 178
173 45
178 244
45 377
244 377
184 323
184 341
184 722
184 931
184 208
184 427
184 874
323 931
323 341
341 208
722 931
722 874
208 427
427 874
625 683
625 927
625 220
625 20
625 236
625 31
683 927
683 20
927 220
220 31
31 123
31 236
904 769
904 123
904 696
119 106
119 411
119 696
769 411
769 696
411 696
557 90
557 500
557 994
90 243
90 994
243 155
243 994
500 257
500 994
608 703
608 383
608 992
608 943
608 760
608 784
703 383
703 760
383 784
992 943
992 784
943 760
890 469
890 545
890 147
469 888
469 147
785 70
785 780
785 433
785 147
785 888
785 187
780 70
780 433
433 187
888 187
888 147
907 991
907 936
907 930
991 971
991 930
971 545
971 930
732 20
732 465
732 155
732 257
732 994
20 465
20 236
20 155
155 994
257 781
257 465
257 994
255 751
255 624
255 183
158 552
158 624
158 183
624 183
241 617
241 518
241 998
525 2
525 617
525 998
617 998
752 751
752 518
752 811
522 696
522 123
522 465
522 236
522 781
522 106
696 123
696 106
123 236
465 781
465 236
781 106
779 930
779 545
779 936
779 147
779 70
930 936
930 545
545 147
936 70
147 70
569 523
569 105
569 974
889 183
889 751
889 811
889 974
889 552
889 523
183 751
183 552
751 811
552 523
523 974
806 811
806 518
806 974
806 998
806 2
806 105
811 518
811 974
518 998
974 105
998 2
2 105
