129 0
11 10
11 45
11 38
36 32
36 22
36 49
36 7
31 46
31 13
31 50
22 32
22 33
22 7
22 35
7 9
7 35
9 18
9 35
18 16
18 4
18 35
14 41
14 20
14 4
14 23
14 16
16 4
16 23
4 35
4 41
4 47
33 32
33 28
33 26
33 35
33 47
35 47
48 44
48 38
48 45
48 27
48 42
48 15
38 45
38 10
38 44
38 34
38 17
45 15
15 24
15 42
25 5
25 34
25 50
25 21
25 8
25 40
34 44
34 5
34 17
34 40
50 46
50 13
50 40
50 12
50 21
30 41
30 27
30 44
30 5
30 26
30 47
41 27
41 20
41 47
27 20
27 42
27 44
44 5
5 8
5 26
26 28
26 8
26 47
1 23
1 20
1 24
1 42
23 20
20 42
24 42
3 13
3 10
3 17
3 40
13 40
10 17
17 40
37 39
37 0
37 46
37 12
39 2
39 29
39 0
46 12
12 21
12 0
8 28
8 21
8 19
0 21
0 29
0 19
21 19
6 28
6 32
6 19
6 29
6 49
6 43
6 2
28 32
28 19
32 49
19 29
29 2
49 43
43 2
